/*--------------------------------*- C++ -*----------------------------------*\
| =========                 |                                                 |
| \\      /  F ield         | OpenFOAM: The Open Source CFD Toolbox           |
|  \\    /   O peration     | Version:  v2212                                 |
|   \\  /    A nd           | Website:  www.openfoam.com                      |
|    \\/     M anipulation  |                                                 |
\*---------------------------------------------------------------------------*/
FoamFile
{
    version     2.0;
    format      ascii;
    class       labelList;
    note        "nPoints:10314  nCells:4992  nFaces:20132  nInternalFaces:9820";
    location    "constant/polyMesh";
    object      neighbour;
}
// * * * * * * * * * * * * * * * * * * * * * * * * * * * * * * * * * * * * * //


9820
(
1
32
2
33
3
34
4
35
5
36
6
37
7
38
8
39
9
40
10
41
11
42
12
43
13
44
14
45
15
46
16
47
17
48
18
49
19
50
20
51
21
52
22
53
23
54
24
55
25
56
26
57
27
58
28
59
29
60
30
61
31
62
63
33
64
34
65
35
66
36
67
37
68
38
69
39
70
40
71
41
72
42
73
43
74
44
75
45
76
46
77
47
78
48
79
49
80
50
81
51
82
52
83
53
84
54
85
55
86
56
87
57
88
58
89
59
90
60
91
61
92
62
93
63
94
95
65
96
66
97
67
98
68
99
69
100
70
101
71
102
72
103
73
104
74
105
75
106
76
107
77
108
78
109
79
110
80
111
81
112
82
113
83
114
84
115
85
116
86
117
87
118
88
119
89
120
90
121
91
122
92
123
93
124
94
125
95
126
127
97
128
98
129
99
130
100
131
101
132
102
133
103
134
104
135
105
136
106
137
107
138
108
139
109
140
110
141
111
142
112
143
113
144
114
145
115
146
116
147
117
148
118
149
119
150
120
151
121
152
122
153
123
154
124
155
125
156
126
157
127
158
159
129
160
130
161
131
162
132
163
133
164
134
165
135
166
136
167
137
168
138
169
139
170
140
171
141
172
142
173
143
174
144
175
145
176
146
177
147
178
148
179
149
180
150
181
151
182
152
183
153
184
154
185
155
186
156
187
157
188
158
189
159
190
191
161
192
162
193
163
194
164
195
165
196
166
197
167
198
168
199
169
200
170
201
171
202
172
203
173
204
174
205
175
206
176
207
177
208
178
209
179
210
180
211
181
212
182
213
183
214
184
215
185
216
186
217
187
218
188
219
189
220
190
221
191
222
223
193
224
194
225
195
226
196
227
197
228
198
229
199
230
200
231
201
232
202
233
203
234
204
235
205
236
206
237
207
238
208
239
209
240
210
241
211
242
212
243
213
244
214
245
215
246
216
247
217
248
218
249
219
250
220
251
221
252
222
253
223
254
255
225
256
226
257
227
258
228
259
229
260
230
261
231
262
232
263
233
264
234
265
235
266
236
267
237
268
238
269
239
270
240
271
241
272
242
273
243
274
244
275
245
276
246
277
247
278
248
279
249
280
250
281
251
282
252
283
253
284
254
285
255
286
287
257
288
258
289
259
290
260
291
261
292
262
293
263
294
264
295
265
296
266
297
267
298
268
299
269
300
270
301
271
302
272
303
273
304
274
305
275
306
276
307
277
308
278
309
279
310
280
311
281
312
282
313
283
314
284
315
285
316
286
317
287
318
319
289
320
290
321
291
322
292
323
293
324
294
325
295
326
296
327
297
328
298
329
299
330
300
331
301
332
302
333
303
334
304
335
305
336
306
337
307
338
308
339
309
340
310
341
311
342
312
343
313
344
314
345
315
346
316
347
317
348
318
349
319
350
351
321
352
322
353
323
354
324
355
325
356
326
357
327
358
328
359
329
360
330
361
331
362
332
363
333
364
334
365
335
366
336
367
337
368
338
369
339
370
340
371
341
372
342
373
343
374
344
375
345
376
346
377
347
378
348
379
349
380
350
381
351
382
383
353
384
354
385
355
386
356
387
357
388
358
389
359
390
360
391
361
392
362
393
363
394
364
395
365
396
366
397
367
398
368
399
369
400
370
401
371
402
372
403
373
404
374
405
375
406
376
407
377
408
378
409
379
410
380
411
381
412
382
413
383
414
415
385
416
386
417
387
418
388
419
389
420
390
421
391
422
392
423
393
424
394
425
395
426
396
427
397
428
398
429
399
430
400
431
401
432
402
433
403
434
404
435
405
436
406
437
407
438
408
439
409
440
410
441
411
442
412
443
413
444
414
445
415
446
447
417
448
418
449
419
450
420
451
421
452
422
453
423
454
424
455
425
456
426
457
427
458
428
459
429
460
430
461
431
462
432
463
433
464
434
465
435
466
436
467
437
468
438
469
439
470
440
471
441
472
442
473
443
474
444
475
445
476
446
477
447
478
479
449
480
450
481
451
482
452
483
453
484
454
485
455
486
456
487
457
488
458
489
459
490
460
491
461
492
462
493
463
494
464
495
465
496
466
497
467
498
468
499
469
500
470
501
471
502
472
503
473
504
474
505
475
506
476
507
477
508
478
509
479
510
511
481
512
482
513
483
514
484
515
485
516
486
517
487
518
488
519
489
520
490
521
491
522
492
523
493
524
494
525
495
526
496
527
497
528
498
529
499
530
500
531
501
532
502
533
503
534
504
535
505
536
506
537
507
538
508
539
509
540
510
541
511
542
543
513
544
514
545
515
546
516
547
517
548
518
549
519
550
520
551
521
552
522
553
523
554
524
555
525
556
526
557
527
558
528
559
529
560
530
561
531
562
532
563
533
564
534
565
535
566
536
567
537
568
538
569
539
570
540
571
541
572
542
573
543
574
575
545
576
546
577
547
578
548
579
549
580
550
581
551
582
552
583
553
584
554
585
555
586
556
587
557
588
558
589
559
590
560
591
561
592
562
593
563
594
564
595
565
596
566
597
567
598
568
599
569
600
570
601
571
602
572
603
573
604
574
605
575
606
607
577
608
578
609
579
610
580
611
581
612
582
613
583
614
584
615
585
616
586
617
587
618
588
619
589
620
590
621
591
622
592
623
593
624
594
625
595
626
596
627
597
628
598
629
599
630
600
631
601
632
602
633
603
634
604
635
605
636
606
637
607
638
639
609
640
610
641
611
642
612
643
613
644
614
645
615
646
616
647
617
648
618
649
619
650
620
651
621
652
622
653
623
654
624
655
625
656
626
657
627
658
628
659
629
660
630
661
631
662
632
663
633
664
634
665
635
666
636
667
637
668
638
669
639
670
671
641
672
642
673
643
674
644
675
645
676
646
677
647
678
648
679
649
680
650
681
651
682
652
683
653
684
654
685
655
686
656
687
657
688
658
689
659
690
660
691
661
692
662
693
663
694
664
695
665
696
666
697
667
698
668
699
669
700
670
701
671
702
703
673
704
674
705
675
706
676
707
677
708
678
709
679
710
680
711
681
712
682
713
683
714
684
715
685
716
686
717
687
718
688
719
689
720
690
721
691
722
692
723
693
724
694
725
695
726
696
727
697
728
698
729
699
730
700
731
701
732
702
733
703
734
735
705
736
706
737
707
738
708
739
709
740
710
741
711
742
712
743
713
744
714
745
715
746
716
747
717
748
718
749
719
750
720
751
721
752
722
753
723
754
724
755
725
756
726
757
727
758
728
759
729
760
730
761
731
762
732
763
733
764
734
765
735
766
767
737
768
738
769
739
770
740
771
741
772
742
773
743
774
744
775
745
776
746
777
747
778
748
779
749
780
750
781
751
782
752
783
753
784
754
785
755
786
756
787
757
788
758
789
759
790
760
791
761
792
762
793
763
794
764
795
765
796
766
797
767
798
799
769
800
770
801
771
802
772
803
773
804
774
805
775
806
776
807
777
808
778
809
779
810
780
811
781
812
782
813
783
814
784
815
785
816
786
817
787
818
788
819
789
820
790
821
791
822
792
823
793
824
794
825
795
826
796
827
797
828
798
829
799
830
831
801
832
802
833
803
834
804
835
805
836
806
837
807
838
808
839
809
840
810
841
811
842
812
843
813
844
814
845
815
846
816
847
817
848
818
849
819
850
820
851
821
852
822
853
823
854
824
855
825
856
826
857
827
858
828
859
829
860
830
861
831
862
863
833
864
834
865
835
866
836
867
837
868
838
869
839
870
840
871
841
872
842
873
843
874
844
875
845
876
846
877
847
878
848
879
849
880
850
881
851
882
852
883
853
884
854
885
855
886
856
887
857
888
858
889
859
890
860
891
861
892
862
893
863
894
895
865
896
866
897
867
898
868
899
869
900
870
901
871
902
872
903
873
904
874
905
875
906
876
907
877
908
878
909
879
910
880
911
881
912
882
913
883
914
884
915
885
916
886
917
887
918
888
919
889
920
890
921
891
922
892
923
893
924
894
925
895
926
927
897
928
898
929
899
930
900
931
901
932
902
933
903
934
904
935
905
936
906
937
907
938
908
939
909
940
910
941
911
942
912
943
913
944
914
945
915
946
916
947
917
948
918
949
919
950
920
951
921
952
922
953
923
954
924
955
925
956
926
957
927
958
959
929
960
930
961
931
962
932
963
933
964
934
965
935
966
936
967
937
968
938
969
939
970
940
971
941
972
942
973
943
974
944
975
945
976
946
977
947
978
948
979
949
980
950
981
951
982
952
983
953
984
954
985
955
986
956
987
957
988
958
989
959
990
991
961
992
962
993
963
994
964
995
965
996
966
997
967
998
968
999
969
1000
970
1001
971
1002
972
1003
973
1004
974
1005
975
1006
976
1007
977
1008
978
1009
979
1010
980
1011
981
1012
982
1013
983
1014
984
1015
985
1016
986
1017
987
1018
988
1019
989
1020
990
1021
991
1022
1023
993
1024
994
1025
995
1026
996
1027
997
1028
998
1029
999
1030
1000
1031
1001
1032
1002
1033
1003
1034
1004
1035
1005
1036
1006
1037
1007
1038
1008
1039
1009
1040
1010
1041
1011
1042
1012
1043
1013
1044
1014
1045
1015
1046
1016
1047
1017
1048
1018
1049
1019
1050
1020
1051
1021
1052
1022
1053
1023
1054
1055
1025
1056
1026
1057
1027
1058
1028
1059
1029
1060
1030
1061
1031
1062
1032
1063
1033
1064
1034
1065
1035
1066
1036
1067
1037
1068
1038
1069
1039
1070
1040
1071
1041
1072
1042
1073
1043
1074
1044
1075
1045
1076
1046
1077
1047
1078
1048
1079
1049
1080
1050
1081
1051
1082
1052
1083
1053
1084
1054
1085
1055
1086
1087
1057
1088
1058
1089
1059
1090
1060
1091
1061
1092
1062
1093
1063
1094
1064
1095
1065
1096
1066
1097
1067
1098
1068
1099
1069
1100
1070
1101
1071
1102
1072
1103
1073
1104
1074
1105
1075
1106
1076
1107
1077
1108
1078
1109
1079
1110
1080
1111
1081
1112
1082
1113
1083
1114
1084
1115
1085
1116
1086
1117
1087
1118
1119
1089
1120
1090
1121
1091
1122
1092
1123
1093
1124
1094
1125
1095
1126
1096
1127
1097
1128
1098
1129
1099
1130
1100
1131
1101
1132
1102
1133
1103
1134
1104
1135
1105
1136
1106
1137
1107
1138
1108
1139
1109
1140
1110
1141
1111
1142
1112
1143
1113
1144
1114
1145
1115
1146
1116
1147
1117
1148
1118
1149
1119
1150
1151
1121
1152
1122
1153
1123
1154
1124
1155
1125
1156
1126
1157
1127
1158
1128
1159
1129
1160
1130
1161
1131
1162
1132
1163
1133
1164
1134
1165
1135
1166
1136
1167
1137
1168
1138
1169
1139
1170
1140
1171
1141
1172
1142
1173
1143
1174
1144
1175
1145
1176
1146
1177
1147
1178
1148
1179
1149
1180
1150
1181
1151
1182
1183
1153
1184
1154
1185
1155
1186
1156
1187
1157
1188
1158
1189
1159
1190
1160
1191
1161
1192
1162
1193
1163
1194
1164
1195
1165
1196
1166
1197
1167
1198
1168
1199
1169
1200
1170
1201
1171
1202
1172
1203
1173
1204
1174
1205
1175
1206
1176
1207
1177
1208
1178
1209
1179
1210
1180
1211
1181
1212
1182
1213
1183
1214
1215
1185
1216
1186
1217
1187
1218
1188
1219
1189
1220
1190
1221
1191
1222
1192
1223
1193
1224
1194
1225
1195
1226
1196
1227
1197
1228
1198
1229
1199
1230
1200
1231
1201
1232
1202
1233
1203
1234
1204
1235
1205
1236
1206
1237
1207
1238
1208
1239
1209
1240
1210
1241
1211
1242
1212
1243
1213
1244
1214
1245
1215
1246
1247
1217
1248
1218
1249
1219
1250
1220
1251
1221
1252
1222
1253
1223
1254
1224
1255
1225
1256
1226
1257
1227
1258
1228
1259
1229
1260
1230
1261
1231
1262
1232
1263
1233
1264
1234
1265
1235
1266
1236
1267
1237
1268
1238
1269
1239
1270
1240
1271
1241
1272
1242
1273
1243
1274
1244
1275
1245
1276
1246
1277
1247
1278
1279
1249
1280
1250
1281
1251
1282
1252
1283
1253
1284
1254
1285
1255
1286
1256
1287
1257
1288
1258
1289
1259
1290
1260
1291
1261
1292
1262
1293
1263
1294
1264
1295
1265
1296
1266
1297
1267
1298
1268
1299
1269
1300
1270
1301
1271
1302
1272
1303
1273
1304
1274
1305
1275
1306
1276
1307
1277
1308
1278
1309
1279
1310
1311
1281
1312
1282
1313
1283
1314
1284
1315
1285
1316
1286
1317
1287
1318
1288
1319
1289
1320
1290
1321
1291
1322
1292
1323
1293
1324
1294
1325
1295
1326
1296
1327
1297
1328
1298
1329
1299
1330
1300
1331
1301
1332
1302
1333
1303
1334
1304
1335
1305
1336
1306
1337
1307
1338
1308
1339
1309
1340
1310
1341
1311
1342
1343
1313
1344
1314
1345
1315
1346
1316
1347
1317
1348
1318
1349
1319
1350
1320
1351
1321
1352
1322
1353
1323
1354
1324
1355
1325
1356
1326
1357
1327
1358
1328
1359
1329
1360
1330
1361
1331
1362
1332
1363
1333
1364
1334
1365
1335
1366
1336
1367
1337
1368
1338
1369
1339
1370
1340
1371
1341
1372
1342
1373
1343
1374
1375
1345
1376
1346
1377
1347
1378
1348
1379
1349
1380
1350
1381
1351
1382
1352
1383
1353
1384
1354
1385
1355
1386
1356
1387
1357
1388
1358
1389
1359
1390
1360
1391
1361
1392
1362
1393
1363
1394
1364
1395
1365
1396
1366
1397
1367
1398
1368
1399
1369
1400
1370
1401
1371
1402
1372
1403
1373
1404
1374
1405
1375
1406
1407
1377
1432
1378
1433
1379
1434
1380
1435
1381
1436
1382
1437
1383
1438
1384
1439
1385
1440
1386
1441
1387
1442
1388
1443
1389
1444
1390
1445
1391
1446
1392
1447
1393
1448
1394
1449
1395
1450
1396
1451
1397
1452
1398
1453
1399
1454
1400
1455
1401
1456
1402
1457
1403
1458
1404
1459
1405
1460
1406
1461
1407
1462
1463
1409
1464
1410
1465
1411
1466
1412
1467
1413
1468
1414
1469
1415
1470
1416
1471
1417
1472
1418
1473
1419
1474
1420
1475
1421
1476
1422
1477
1423
1478
1424
1479
1425
1480
1426
1481
1427
1482
1428
1483
1429
1484
1430
1485
1431
1486
1432
1487
1433
1488
1434
1489
1435
1490
1436
1491
1437
1492
1438
1493
1439
1494
1440
1495
1441
1496
1442
1497
1443
1498
1444
1499
1445
1500
1446
1501
1447
1502
1448
1503
1449
1504
1450
1505
1451
1506
1452
1507
1453
1508
1454
1509
1455
1510
1456
1511
1457
1512
1458
1513
1459
1514
1460
1515
1461
1516
1462
1517
1463
1518
1519
1465
1520
1466
1521
1467
1522
1468
1523
1469
1524
1470
1525
1471
1526
1472
1527
1473
1528
1474
1529
1475
1530
1476
1531
1477
1532
1478
1533
1479
1534
1480
1535
1481
1536
1482
1537
1483
1538
1484
1539
1485
1540
1486
1541
1487
1542
1488
1543
1489
1544
1490
1545
1491
1546
1492
1547
1493
1548
1494
1549
1495
1550
1496
1551
1497
1552
1498
1553
1499
1554
1500
1555
1501
1556
1502
1557
1503
1558
1504
1559
1505
1560
1506
1561
1507
1562
1508
1563
1509
1564
1510
1565
1511
1566
1512
1567
1513
1568
1514
1569
1515
1570
1516
1571
1517
1572
1518
1573
1519
1574
1575
1521
1576
1522
1577
1523
1578
1524
1579
1525
1580
1526
1581
1527
1582
1528
1583
1529
1584
1530
1585
1531
1586
1532
1587
1533
1588
1534
1589
1535
1590
1536
1591
1537
1592
1538
1593
1539
1594
1540
1595
1541
1596
1542
1597
1543
1598
1544
1599
1545
1600
1546
1601
1547
1602
1548
1603
1549
1604
1550
1605
1551
1606
1552
1607
1553
1608
1554
1609
1555
1610
1556
1611
1557
1612
1558
1613
1559
1614
1560
1615
1561
1616
1562
1617
1563
1618
1564
1619
1565
1620
1566
1621
1567
1622
1568
1623
1569
1624
1570
1625
1571
1626
1572
1627
1573
1628
1574
1629
1575
1630
1631
1577
1632
1578
1633
1579
1634
1580
1635
1581
1636
1582
1637
1583
1638
1584
1639
1585
1640
1586
1641
1587
1642
1588
1643
1589
1644
1590
1645
1591
1646
1592
1647
1593
1648
1594
1649
1595
1650
1596
1651
1597
1652
1598
1653
1599
1654
1600
1655
1601
1656
1602
1657
1603
1658
1604
1659
1605
1660
1606
1661
1607
1662
1608
1663
1609
1664
1610
1665
1611
1666
1612
1667
1613
1668
1614
1669
1615
1670
1616
1671
1617
1672
1618
1673
1619
1674
1620
1675
1621
1676
1622
1677
1623
1678
1624
1679
1625
1680
1626
1681
1627
1682
1628
1683
1629
1684
1630
1685
1631
1686
1687
1633
1688
1634
1689
1635
1690
1636
1691
1637
1692
1638
1693
1639
1694
1640
1695
1641
1696
1642
1697
1643
1698
1644
1699
1645
1700
1646
1701
1647
1702
1648
1703
1649
1704
1650
1705
1651
1706
1652
1707
1653
1708
1654
1709
1655
1710
1656
1711
1657
1712
1658
1713
1659
1714
1660
1715
1661
1716
1662
1717
1663
1718
1664
1719
1665
1720
1666
1721
1667
1722
1668
1723
1669
1724
1670
1725
1671
1726
1672
1727
1673
1728
1674
1729
1675
1730
1676
1731
1677
1732
1678
1733
1679
1734
1680
1735
1681
1736
1682
1737
1683
1738
1684
1739
1685
1740
1686
1741
1687
1742
1743
1689
1744
1690
1745
1691
1746
1692
1747
1693
1748
1694
1749
1695
1750
1696
1751
1697
1752
1698
1753
1699
1754
1700
1755
1701
1756
1702
1757
1703
1758
1704
1759
1705
1760
1706
1761
1707
1762
1708
1763
1709
1764
1710
1765
1711
1766
1712
1767
1713
1768
1714
1769
1715
1770
1716
1771
1717
1772
1718
1773
1719
1774
1720
1775
1721
1776
1722
1777
1723
1778
1724
1779
1725
1780
1726
1781
1727
1782
1728
1783
1729
1784
1730
1785
1731
1786
1732
1787
1733
1788
1734
1789
1735
1790
1736
1791
1737
1792
1738
1793
1739
1794
1740
1795
1741
1796
1742
1797
1743
1798
1799
1745
1800
1746
1801
1747
1802
1748
1803
1749
1804
1750
1805
1751
1806
1752
1807
1753
1808
1754
1809
1755
1810
1756
1811
1757
1812
1758
1813
1759
1814
1760
1815
1761
1816
1762
1817
1763
1818
1764
1819
1765
1820
1766
1821
1767
1822
1768
1823
1769
1824
1770
1825
1771
1826
1772
1827
1773
1828
1774
1829
1775
1830
1776
1831
1777
1832
1778
1833
1779
1834
1780
1835
1781
1836
1782
1837
1783
1838
1784
1839
1785
1840
1786
1841
1787
1842
1788
1843
1789
1844
1790
1845
1791
1846
1792
1847
1793
1848
1794
1849
1795
1850
1796
1851
1797
1852
1798
1853
1799
1854
1855
1801
1856
1802
1857
1803
1858
1804
1859
1805
1860
1806
1861
1807
1862
1808
1863
1809
1864
1810
1865
1811
1866
1812
1867
1813
1868
1814
1869
1815
1870
1816
1871
1817
1872
1818
1873
1819
1874
1820
1875
1821
1876
1822
1877
1823
1878
1824
1879
1825
1880
1826
1881
1827
1882
1828
1883
1829
1884
1830
1885
1831
1886
1832
1887
1833
1888
1834
1889
1835
1890
1836
1891
1837
1892
1838
1893
1839
1894
1840
1895
1841
1896
1842
1897
1843
1898
1844
1899
1845
1900
1846
1901
1847
1902
1848
1903
1849
1904
1850
1905
1851
1906
1852
1907
1853
1908
1854
1909
1855
1910
1911
1857
1912
1858
1913
1859
1914
1860
1915
1861
1916
1862
1917
1863
1918
1864
1919
1865
1920
1866
1921
1867
1922
1868
1923
1869
1924
1870
1925
1871
1926
1872
1927
1873
1928
1874
1929
1875
1930
1876
1931
1877
1932
1878
1933
1879
1934
1880
1935
1881
1936
1882
1937
1883
1938
1884
1939
1885
1940
1886
1941
1887
1942
1888
1943
1889
1944
1890
1945
1891
1946
1892
1947
1893
1948
1894
1949
1895
1950
1896
1951
1897
1952
1898
1953
1899
1954
1900
1955
1901
1956
1902
1957
1903
1958
1904
1959
1905
1960
1906
1961
1907
1962
1908
1963
1909
1964
1910
1965
1911
1966
1967
1913
1968
1914
1969
1915
1970
1916
1971
1917
1972
1918
1973
1919
1974
1920
1975
1921
1976
1922
1977
1923
1978
1924
1979
1925
1980
1926
1981
1927
1982
1928
1983
1929
1984
1930
1985
1931
1986
1932
1987
1933
1988
1934
1989
1935
1990
1936
1991
1937
1992
1938
1993
1939
1994
1940
1995
1941
1996
1942
1997
1943
1998
1944
1999
1945
2000
1946
2001
1947
2002
1948
2003
1949
2004
1950
2005
1951
2006
1952
2007
1953
2008
1954
2009
1955
2010
1956
2011
1957
2012
1958
2013
1959
2014
1960
2015
1961
2016
1962
2017
1963
2018
1964
2019
1965
2020
1966
2021
1967
2022
2023
1969
2024
1970
2025
1971
2026
1972
2027
1973
2028
1974
2029
1975
2030
1976
2031
1977
2032
1978
2033
1979
2034
1980
2035
1981
2036
1982
2037
1983
2038
1984
2039
1985
2040
1986
2041
1987
2042
1988
2043
1989
2044
1990
2045
1991
2046
1992
2047
1993
2048
1994
2049
1995
2050
1996
2051
1997
2052
1998
2053
1999
2054
2000
2055
2001
2056
2002
2057
2003
2058
2004
2059
2005
2060
2006
2061
2007
2062
2008
2063
2009
2064
2010
2065
2011
2066
2012
2067
2013
2068
2014
2069
2015
2070
2016
2071
2017
2072
2018
2073
2019
2074
2020
2075
2021
2076
2022
2077
2023
2078
2079
2025
2080
2026
2081
2027
2082
2028
2083
2029
2084
2030
2085
2031
2086
2032
2087
2033
2088
2034
2089
2035
2090
2036
2091
2037
2092
2038
2093
2039
2094
2040
2095
2041
2096
2042
2097
2043
2098
2044
2099
2045
2100
2046
2101
2047
2102
2048
2103
2049
2104
2050
2105
2051
2106
2052
2107
2053
2108
2054
2109
2055
2110
2056
2111
2057
2112
2058
2113
2059
2114
2060
2115
2061
2116
2062
2117
2063
2118
2064
2119
2065
2120
2066
2121
2067
2122
2068
2123
2069
2124
2070
2125
2071
2126
2072
2127
2073
2128
2074
2129
2075
2130
2076
2131
2077
2132
2078
2133
2079
2134
2135
2081
2136
2082
2137
2083
2138
2084
2139
2085
2140
2086
2141
2087
2142
2088
2143
2089
2144
2090
2145
2091
2146
2092
2147
2093
2148
2094
2149
2095
2150
2096
2151
2097
2152
2098
2153
2099
2154
2100
2155
2101
2156
2102
2157
2103
2158
2104
2159
2105
2160
2106
2161
2107
2162
2108
2163
2109
2164
2110
2165
2111
2166
2112
2167
2113
2168
2114
2169
2115
2170
2116
2171
2117
2172
2118
2173
2119
2174
2120
2175
2121
2176
2122
2177
2123
2178
2124
2179
2125
2180
2126
2181
2127
2182
2128
2183
2129
2184
2130
2185
2131
2186
2132
2187
2133
2188
2134
2189
2135
2190
2191
2137
2192
2138
2193
2139
2194
2140
2195
2141
2196
2142
2197
2143
2198
2144
2199
2145
2200
2146
2201
2147
2202
2148
2203
2149
2204
2150
2205
2151
2206
2152
2207
2153
2208
2154
2209
2155
2210
2156
2211
2157
2212
2158
2213
2159
2214
2160
2215
2161
2216
2162
2217
2163
2218
2164
2219
2165
2220
2166
2221
2167
2222
2168
2223
2169
2224
2170
2225
2171
2226
2172
2227
2173
2228
2174
2229
2175
2230
2176
2231
2177
2232
2178
2233
2179
2234
2180
2235
2181
2236
2182
2237
2183
2238
2184
2239
2185
2240
2186
2241
2187
2242
2188
2243
2189
2244
2190
2245
2191
2246
2247
2193
2248
2194
2249
2195
2250
2196
2251
2197
2252
2198
2253
2199
2254
2200
2255
2201
2256
2202
2257
2203
2258
2204
2259
2205
2260
2206
2261
2207
2262
2208
2263
2209
2264
2210
2265
2211
2266
2212
2267
2213
2268
2214
2269
2215
2270
2216
2271
2217
2272
2218
2273
2219
2274
2220
2275
2221
2276
2222
2277
2223
2278
2224
2279
2225
2280
2226
2281
2227
2282
2228
2283
2229
2284
2230
2285
2231
2286
2232
2287
2233
2288
2234
2289
2235
2290
2236
2291
2237
2292
2238
2293
2239
2294
2240
2295
2241
2296
2242
2297
2243
2298
2244
2299
2245
2300
2246
2301
2247
2302
2303
2249
2304
2250
2305
2251
2306
2252
2307
2253
2308
2254
2309
2255
2310
2256
2311
2257
2312
2258
2313
2259
2314
2260
2315
2261
2316
2262
2317
2263
2318
2264
2319
2265
2320
2266
2321
2267
2322
2268
2323
2269
2324
2270
2325
2271
2326
2272
2327
2273
2328
2274
2329
2275
2330
2276
2331
2277
2332
2278
2333
2279
2334
2280
2335
2281
2336
2282
2337
2283
2338
2284
2339
2285
2340
2286
2341
2287
2342
2288
2343
2289
2344
2290
2345
2291
2346
2292
2347
2293
2348
2294
2349
2295
2350
2296
2351
2297
2352
2298
2353
2299
2354
2300
2355
2301
2356
2302
2357
2303
2358
2359
2305
2360
2306
2361
2307
2362
2308
2363
2309
2364
2310
2365
2311
2366
2312
2367
2313
2368
2314
2369
2315
2370
2316
2371
2317
2372
2318
2373
2319
2374
2320
2375
2321
2376
2322
2377
2323
2378
2324
2379
2325
2380
2326
2381
2327
2382
2328
2383
2329
2384
2330
2385
2331
2386
2332
2387
2333
2388
2334
2389
2335
2390
2336
2391
2337
2392
2338
2393
2339
2394
2340
2395
2341
2396
2342
2397
2343
2398
2344
2399
2345
2400
2346
2401
2347
2402
2348
2403
2349
2404
2350
2405
2351
2406
2352
2407
2353
2408
2354
2409
2355
2410
2356
2411
2357
2412
2358
2413
2359
2414
2415
2361
2416
2362
2417
2363
2418
2364
2419
2365
2420
2366
2421
2367
2422
2368
2423
2369
2424
2370
2425
2371
2426
2372
2427
2373
2428
2374
2429
2375
2430
2376
2431
2377
2432
2378
2433
2379
2434
2380
2435
2381
2436
2382
2437
2383
2438
2384
2439
2385
2440
2386
2441
2387
2442
2388
2443
2389
2444
2390
2445
2391
2446
2392
2447
2393
2448
2394
2449
2395
2450
2396
2451
2397
2452
2398
2453
2399
2454
2400
2455
2401
2456
2402
2457
2403
2458
2404
2459
2405
2460
2406
2461
2407
2462
2408
2463
2409
2464
2410
2465
2411
2466
2412
2467
2413
2468
2414
2469
2415
2470
2471
2417
2472
2418
2473
2419
2474
2420
2475
2421
2476
2422
2477
2423
2478
2424
2479
2425
2480
2426
2481
2427
2482
2428
2483
2429
2484
2430
2485
2431
2486
2432
2487
2433
2488
2434
2489
2435
2490
2436
2491
2437
2492
2438
2493
2439
2494
2440
2495
2441
2496
2442
2497
2443
2498
2444
2499
2445
2500
2446
2501
2447
2502
2448
2503
2449
2504
2450
2505
2451
2506
2452
2507
2453
2508
2454
2509
2455
2510
2456
2511
2457
2512
2458
2513
2459
2514
2460
2515
2461
2516
2462
2517
2463
2518
2464
2519
2465
2520
2466
2521
2467
2522
2468
2523
2469
2524
2470
2525
2471
2526
2527
2473
2528
2474
2529
2475
2530
2476
2531
2477
2532
2478
2533
2479
2534
2480
2535
2481
2536
2482
2537
2483
2538
2484
2539
2485
2540
2486
2541
2487
2542
2488
2543
2489
2544
2490
2545
2491
2546
2492
2547
2493
2548
2494
2549
2495
2550
2496
2551
2497
2552
2498
2553
2499
2554
2500
2555
2501
2556
2502
2557
2503
2558
2504
2559
2505
2560
2506
2561
2507
2562
2508
2563
2509
2564
2510
2565
2511
2566
2512
2567
2513
2568
2514
2569
2515
2570
2516
2571
2517
2572
2518
2573
2519
2574
2520
2575
2521
2576
2522
2577
2523
2578
2524
2579
2525
2580
2526
2581
2527
2582
2583
2529
2584
2530
2585
2531
2586
2532
2587
2533
2588
2534
2589
2535
2590
2536
2591
2537
2592
2538
2593
2539
2594
2540
2595
2541
2596
2542
2597
2543
2598
2544
2599
2545
2600
2546
2601
2547
2602
2548
2603
2549
2604
2550
2605
2551
2606
2552
2607
2553
2608
2554
2609
2555
2610
2556
2611
2557
2612
2558
2613
2559
2614
2560
2615
2561
2616
2562
2617
2563
2618
2564
2619
2565
2620
2566
2621
2567
2622
2568
2623
2569
2624
2570
2625
2571
2626
2572
2627
2573
2628
2574
2629
2575
2630
2576
2631
2577
2632
2578
2633
2579
2634
2580
2635
2581
2636
2582
2637
2583
2638
2639
2585
2640
2586
2641
2587
2642
2588
2643
2589
2644
2590
2645
2591
2646
2592
2647
2593
2648
2594
2649
2595
2650
2596
2651
2597
2652
2598
2653
2599
2654
2600
2655
2601
2656
2602
2657
2603
2658
2604
2659
2605
2660
2606
2661
2607
2662
2608
2663
2609
2664
2610
2665
2611
2666
2612
2667
2613
2668
2614
2669
2615
2670
2616
2671
2617
2672
2618
2673
2619
2674
2620
2675
2621
2676
2622
2677
2623
2678
2624
2679
2625
2680
2626
2681
2627
2682
2628
2683
2629
2684
2630
2685
2631
2686
2632
2687
2633
2688
2634
2689
2635
2690
2636
2691
2637
2692
2638
2693
2639
2694
2695
2641
2696
2642
2697
2643
2698
2644
2699
2645
2700
2646
2701
2647
2702
2648
2703
2649
2704
2650
2705
2651
2706
2652
2707
2653
2708
2654
2709
2655
2710
2656
2711
2657
2712
2658
2713
2659
2714
2660
2715
2661
2716
2662
2717
2663
2718
2664
2719
2665
2720
2666
2721
2667
2722
2668
2723
2669
2724
2670
2725
2671
2726
2672
2727
2673
2728
2674
2729
2675
2730
2676
2731
2677
2732
2678
2733
2679
2734
2680
2735
2681
2736
2682
2737
2683
2738
2684
2739
2685
2740
2686
2741
2687
2742
2688
2743
2689
2744
2690
2745
2691
2746
2692
2747
2693
2748
2694
2749
2695
2750
2751
2697
2752
2698
2753
2699
2754
2700
2755
2701
2756
2702
2757
2703
2758
2704
2759
2705
2760
2706
2761
2707
2762
2708
2763
2709
2764
2710
2765
2711
2766
2712
2767
2713
2768
2714
2769
2715
2770
2716
2771
2717
2772
2718
2773
2719
2774
2720
2775
2721
2776
2722
2777
2723
2778
2724
2779
2725
2780
2726
2781
2727
2782
2728
2783
2729
2784
2730
2785
2731
2786
2732
2787
2733
2788
2734
2789
2735
2790
2736
2791
2737
2792
2738
2793
2739
2794
2740
2795
2741
2796
2742
2797
2743
2798
2744
2799
2745
2800
2746
2801
2747
2802
2748
2803
2749
2804
2750
2805
2751
2806
2807
2753
2808
2754
2809
2755
2810
2756
2811
2757
2812
2758
2813
2759
2814
2760
2815
2761
2816
2762
2817
2763
2818
2764
2819
2765
2820
2766
2821
2767
2822
2768
2823
2769
2824
2770
2825
2771
2826
2772
2827
2773
2828
2774
2829
2775
2830
2776
2831
2777
2832
2778
2833
2779
2834
2780
2835
2781
2836
2782
2837
2783
2838
2784
2839
2785
2840
2786
2841
2787
2842
2788
2843
2789
2844
2790
2845
2791
2846
2792
2847
2793
2848
2794
2849
2795
2850
2796
2851
2797
2852
2798
2853
2799
2854
2800
2855
2801
2856
2802
2857
2803
2858
2804
2859
2805
2860
2806
2861
2807
2862
2863
2809
2864
2810
2865
2811
2866
2812
2867
2813
2868
2814
2869
2815
2870
2816
2871
2817
2872
2818
2873
2819
2874
2820
2875
2821
2876
2822
2877
2823
2878
2824
2879
2825
2880
2826
2881
2827
2882
2828
2883
2829
2884
2830
2885
2831
2886
2832
2887
2833
2888
2834
2889
2835
2890
2836
2891
2837
2892
2838
2893
2839
2894
2840
2895
2841
2896
2842
2897
2843
2898
2844
2899
2845
2900
2846
2901
2847
2902
2848
2903
2849
2904
2850
2905
2851
2906
2852
2907
2853
2908
2854
2909
2855
2910
2856
2911
2857
2912
2858
2913
2859
2914
2860
2915
2861
2916
2862
2917
2863
2918
2919
2865
2920
2866
2921
2867
2922
2868
2923
2869
2924
2870
2925
2871
2926
2872
2927
2873
2928
2874
2929
2875
2930
2876
2931
2877
2932
2878
2933
2879
2934
2880
2935
2881
2936
2882
2937
2883
2938
2884
2939
2885
2940
2886
2941
2887
2942
2888
2943
2889
2944
2890
2945
2891
2946
2892
2947
2893
2948
2894
2949
2895
2950
2896
2951
2897
2952
2898
2953
2899
2954
2900
2955
2901
2956
2902
2957
2903
2958
2904
2959
2905
2960
2906
2961
2907
2962
2908
2963
2909
2964
2910
2965
2911
2966
2912
2967
2913
2968
2914
2969
2915
2970
2916
2971
2917
2972
2918
2973
2919
2974
2975
2921
2976
2922
2977
2923
2978
2924
2979
2925
2980
2926
2981
2927
2982
2928
2983
2929
2984
2930
2985
2931
2986
2932
2987
2933
2988
2934
2989
2935
2990
2936
2991
2937
2992
2938
2993
2939
2994
2940
2995
2941
2996
2942
2997
2943
2998
2944
2999
2945
3000
2946
3001
2947
3002
2948
3003
2949
3004
2950
3005
2951
3006
2952
3007
2953
3008
2954
3009
2955
3010
2956
3011
2957
3012
2958
3013
2959
3014
2960
3015
2961
3016
2962
3017
2963
3018
2964
3019
2965
3020
2966
3021
2967
3022
2968
3023
2969
3024
2970
3025
2971
3026
2972
3027
2973
3028
2974
3029
2975
3030
3031
2977
3032
2978
3033
2979
3034
2980
3035
2981
3036
2982
3037
2983
3038
2984
3039
2985
3040
2986
3041
2987
3042
2988
3043
2989
3044
2990
3045
2991
3046
2992
3047
2993
3048
2994
3049
2995
3050
2996
3051
2997
3052
2998
3053
2999
3054
3000
3055
3001
3056
3002
3057
3003
3058
3004
3059
3005
3060
3006
3061
3007
3062
3008
3063
3009
3064
3010
3065
3011
3066
3012
3067
3013
3068
3014
3069
3015
3070
3016
3071
3017
3072
3018
3073
3019
3074
3020
3075
3021
3076
3022
3077
3023
3078
3024
3079
3025
3080
3026
3081
3027
3082
3028
3083
3029
3084
3030
3085
3031
3086
3087
3033
3088
3034
3089
3035
3090
3036
3091
3037
3092
3038
3093
3039
3094
3040
3095
3041
3096
3042
3097
3043
3098
3044
3099
3045
3100
3046
3101
3047
3102
3048
3103
3049
3104
3050
3105
3051
3106
3052
3107
3053
3108
3054
3109
3055
3110
3056
3111
3057
3112
3058
3113
3059
3114
3060
3115
3061
3116
3062
3117
3063
3118
3064
3119
3065
3120
3066
3121
3067
3122
3068
3123
3069
3124
3070
3125
3071
3126
3072
3127
3073
3128
3074
3129
3075
3130
3076
3131
3077
3132
3078
3133
3079
3134
3080
3135
3081
3136
3082
3137
3083
3138
3084
3139
3085
3140
3086
3141
3087
3142
3143
3089
3144
3090
3145
3091
3146
3092
3147
3093
3148
3094
3149
3095
3150
3096
3151
3097
3152
3098
3153
3099
3154
3100
3155
3101
3156
3102
3157
3103
3158
3104
3159
3105
3160
3106
3161
3107
3162
3108
3163
3109
3164
3110
3165
3111
3166
3112
3167
3113
3168
3114
3169
3115
3170
3116
3171
3117
3172
3118
3173
3119
3174
3120
3175
3121
3176
3122
3177
3123
3178
3124
3179
3125
3180
3126
3181
3127
3182
3128
3183
3129
3184
3130
3185
3131
3186
3132
3187
3133
3188
3134
3189
3135
3190
3136
3191
3137
3192
3138
3193
3139
3194
3140
3195
3141
3196
3142
3197
3143
3198
3199
3145
3200
3146
3201
3147
3202
3148
3203
3149
3204
3150
3205
3151
3206
3152
3207
3153
3208
3154
3209
3155
3210
3156
3211
3157
3212
3158
3213
3159
3214
3160
3215
3161
3216
3162
3217
3163
3218
3164
3219
3165
3220
3166
3221
3167
3222
3168
3223
3169
3224
3170
3225
3171
3226
3172
3227
3173
3228
3174
3229
3175
3230
3176
3231
3177
3232
3178
3233
3179
3234
3180
3235
3181
3236
3182
3237
3183
3238
3184
3239
3185
3240
3186
3241
3187
3242
3188
3243
3189
3244
3190
3245
3191
3246
3192
3247
3193
3248
3194
3249
3195
3250
3196
3251
3197
3252
3198
3253
3199
3254
3255
3201
3256
3202
3257
3203
3258
3204
3259
3205
3260
3206
3261
3207
3262
3208
3263
3209
3264
3210
3265
3211
3266
3212
3267
3213
3268
3214
3269
3215
3270
3216
3271
3217
3272
3218
3273
3219
3274
3220
3275
3221
3276
3222
3277
3223
3278
3224
3279
3225
3280
3226
3281
3227
3282
3228
3283
3229
3284
3230
3285
3231
3286
3232
3287
3233
3288
3234
3289
3235
3290
3236
3291
3237
3292
3238
3293
3239
3294
3240
3295
3241
3296
3242
3297
3243
3298
3244
3299
3245
3300
3246
3301
3247
3302
3248
3303
3249
3304
3250
3305
3251
3306
3252
3307
3253
3308
3254
3309
3255
3310
3311
3257
3312
3258
3313
3259
3314
3260
3315
3261
3316
3262
3317
3263
3318
3264
3319
3265
3320
3266
3321
3267
3322
3268
3323
3269
3324
3270
3325
3271
3326
3272
3327
3273
3328
3274
3329
3275
3330
3276
3331
3277
3332
3278
3333
3279
3334
3280
3335
3281
3336
3282
3337
3283
3338
3284
3339
3285
3340
3286
3341
3287
3342
3288
3343
3289
3344
3290
3345
3291
3346
3292
3347
3293
3348
3294
3349
3295
3350
3296
3351
3297
3352
3298
3353
3299
3354
3300
3355
3301
3356
3302
3357
3303
3358
3304
3359
3305
3360
3306
3361
3307
3362
3308
3363
3309
3364
3310
3365
3311
3366
3367
3313
3368
3314
3369
3315
3370
3316
3371
3317
3372
3318
3373
3319
3374
3320
3375
3321
3376
3322
3377
3323
3378
3324
3379
3325
3380
3326
3381
3327
3382
3328
3383
3329
3384
3330
3385
3331
3386
3332
3387
3333
3388
3334
3389
3335
3390
3336
3391
3337
3392
3338
3393
3339
3394
3340
3395
3341
3396
3342
3397
3343
3398
3344
3399
3345
3400
3346
3401
3347
3402
3348
3403
3349
3404
3350
3405
3351
3406
3352
3407
3353
3408
3354
3409
3355
3410
3356
3411
3357
3412
3358
3413
3359
3414
3360
3415
3361
3416
3362
3417
3363
3418
3364
3419
3365
3420
3366
3421
3367
3422
3423
3369
3424
3370
3425
3371
3426
3372
3427
3373
3428
3374
3429
3375
3430
3376
3431
3377
3432
3378
3433
3379
3434
3380
3435
3381
3436
3382
3437
3383
3438
3384
3439
3385
3440
3386
3441
3387
3442
3388
3443
3389
3444
3390
3445
3391
3446
3392
3447
3393
3448
3394
3449
3395
3450
3396
3451
3397
3452
3398
3453
3399
3454
3400
3455
3401
3456
3402
3457
3403
3458
3404
3459
3405
3460
3406
3461
3407
3462
3408
3463
3409
3464
3410
3465
3411
3466
3412
3467
3413
3468
3414
3469
3415
3470
3416
3471
3417
3472
3418
3473
3419
3474
3420
3475
3421
3476
3422
3477
3423
3478
3479
3425
3480
3426
3481
3427
3482
3428
3483
3429
3484
3430
3485
3431
3486
3432
3487
3433
3488
3434
3489
3435
3490
3436
3491
3437
3492
3438
3493
3439
3494
3440
3495
3441
3496
3442
3497
3443
3498
3444
3499
3445
3500
3446
3501
3447
3502
3448
3503
3449
3504
3450
3505
3451
3506
3452
3507
3453
3508
3454
3509
3455
3510
3456
3511
3457
3512
3458
3513
3459
3514
3460
3515
3461
3516
3462
3517
3463
3518
3464
3519
3465
3520
3466
3521
3467
3522
3468
3523
3469
3524
3470
3525
3471
3526
3472
3527
3473
3528
3474
3529
3475
3530
3476
3531
3477
3532
3478
3533
3479
3534
3535
3481
3536
3482
3537
3483
3538
3484
3539
3485
3540
3486
3541
3487
3542
3488
3543
3489
3544
3490
3545
3491
3546
3492
3547
3493
3548
3494
3549
3495
3550
3496
3551
3497
3552
3498
3553
3499
3554
3500
3555
3501
3556
3502
3557
3503
3558
3504
3559
3505
3560
3506
3561
3507
3562
3508
3563
3509
3564
3510
3565
3511
3566
3512
3567
3513
3568
3514
3569
3515
3570
3516
3571
3517
3572
3518
3573
3519
3574
3520
3575
3521
3576
3522
3577
3523
3578
3524
3579
3525
3580
3526
3581
3527
3582
3528
3583
3529
3584
3530
3585
3531
3586
3532
3587
3533
3588
3534
3589
3535
3590
3591
3537
3592
3538
3593
3539
3594
3540
3595
3541
3596
3542
3597
3543
3598
3544
3599
3545
3600
3546
3601
3547
3602
3548
3603
3549
3604
3550
3605
3551
3606
3552
3607
3553
3608
3554
3609
3555
3610
3556
3611
3557
3612
3558
3613
3559
3614
3560
3615
3561
3616
3562
3617
3563
3618
3564
3619
3565
3620
3566
3621
3567
3622
3568
3623
3569
3624
3570
3625
3571
3626
3572
3627
3573
3628
3574
3629
3575
3630
3576
3631
3577
3632
3578
3633
3579
3634
3580
3635
3581
3636
3582
3637
3583
3638
3584
3639
3585
3640
3586
3641
3587
3642
3588
3643
3589
3644
3590
3645
3591
3646
3647
3593
3648
3594
3649
3595
3650
3596
3651
3597
3652
3598
3653
3599
3654
3600
3655
3601
3656
3602
3657
3603
3658
3604
3659
3605
3660
3606
3661
3607
3662
3608
3663
3609
3664
3610
3665
3611
3666
3612
3667
3613
3668
3614
3669
3615
3670
3616
3671
3617
3672
3618
3673
3619
3674
3620
3675
3621
3676
3622
3677
3623
3678
3624
3679
3625
3680
3626
3681
3627
3682
3628
3683
3629
3684
3630
3685
3631
3686
3632
3687
3633
3688
3634
3689
3635
3690
3636
3691
3637
3692
3638
3693
3639
3694
3640
3695
3641
3696
3642
3697
3643
3698
3644
3699
3645
3700
3646
3701
3647
3702
3703
3649
3704
3650
3705
3651
3706
3652
3707
3653
3708
3654
3709
3655
3710
3656
3711
3657
3712
3658
3713
3659
3714
3660
3715
3661
3716
3662
3717
3663
3718
3664
3719
3665
3720
3666
3721
3667
3722
3668
3723
3669
3724
3670
3725
3671
3726
3672
3727
3673
3728
3674
3729
3675
3730
3676
3731
3677
3732
3678
3733
3679
3734
3680
3735
3681
3736
3682
3737
3683
3738
3684
3739
3685
3740
3686
3741
3687
3742
3688
3743
3689
3744
3690
3745
3691
3746
3692
3747
3693
3748
3694
3749
3695
3750
3696
3751
3697
3752
3698
3753
3699
3754
3700
3755
3701
3756
3702
3757
3703
3758
3759
3705
3760
3706
3761
3707
3762
3708
3763
3709
3764
3710
3765
3711
3766
3712
3767
3713
3768
3714
3769
3715
3770
3716
3771
3717
3772
3718
3773
3719
3774
3720
3775
3721
3776
3722
3777
3723
3778
3724
3779
3725
3780
3726
3781
3727
3782
3728
3783
3729
3784
3730
3785
3731
3786
3732
3787
3733
3788
3734
3789
3735
3790
3736
3791
3737
3792
3738
3793
3739
3794
3740
3795
3741
3796
3742
3797
3743
3798
3744
3799
3745
3800
3746
3801
3747
3802
3748
3803
3749
3804
3750
3805
3751
3806
3752
3807
3753
3808
3754
3809
3755
3810
3756
3811
3757
3812
3758
3813
3759
3814
3815
3761
3816
3762
3817
3763
3818
3764
3819
3765
3820
3766
3821
3767
3822
3768
3823
3769
3824
3770
3825
3771
3826
3772
3827
3773
3828
3774
3829
3775
3830
3776
3831
3777
3832
3778
3833
3779
3834
3780
3835
3781
3836
3782
3837
3783
3838
3784
3839
3785
3840
3786
3841
3787
3842
3788
3843
3789
3844
3790
3845
3791
3846
3792
3847
3793
3848
3794
3849
3795
3850
3796
3851
3797
3852
3798
3853
3799
3854
3800
3855
3801
3856
3802
3857
3803
3858
3804
3859
3805
3860
3806
3861
3807
3862
3808
3863
3809
3864
3810
3865
3811
3866
3812
3867
3813
3868
3814
3869
3815
3870
3871
3817
3872
3818
3873
3819
3874
3820
3875
3821
3876
3822
3877
3823
3878
3824
3879
3825
3880
3826
3881
3827
3882
3828
3883
3829
3884
3830
3885
3831
3886
3832
3887
3833
3888
3834
3889
3835
3890
3836
3891
3837
3892
3838
3893
3839
3894
3840
3895
3841
3896
3842
3897
3843
3898
3844
3899
3845
3900
3846
3901
3847
3902
3848
3903
3849
3904
3850
3905
3851
3906
3852
3907
3853
3908
3854
3909
3855
3910
3856
3911
3857
3912
3858
3913
3859
3914
3860
3915
3861
3916
3862
3917
3863
3918
3864
3919
3865
3920
3866
3921
3867
3922
3868
3923
3869
3924
3870
3925
3871
3926
3927
3873
3928
3874
3929
3875
3930
3876
3931
3877
3932
3878
3933
3879
3934
3880
3935
3881
3936
3882
3937
3883
3938
3884
3939
3885
3940
3886
3941
3887
3942
3888
3943
3889
3944
3890
3945
3891
3946
3892
3947
3893
3948
3894
3949
3895
3950
3896
3951
3897
3952
3898
3953
3899
3954
3900
3955
3901
3956
3902
3957
3903
3958
3904
3959
3905
3960
3906
3961
3907
3962
3908
3963
3909
3964
3910
3965
3911
3966
3912
3967
3913
3968
3914
3969
3915
3970
3916
3971
3917
3972
3918
3973
3919
3974
3920
3975
3921
3976
3922
3977
3923
3978
3924
3979
3925
3980
3926
3981
3927
3982
3983
3929
3984
3930
3985
3931
3986
3932
3987
3933
3988
3934
3989
3935
3990
3936
3991
3937
3992
3938
3993
3939
3994
3940
3995
3941
3996
3942
3997
3943
3998
3944
3999
3945
4000
3946
4001
3947
4002
3948
4003
3949
4004
3950
4005
3951
4006
3952
4007
3953
4008
3954
4009
3955
4010
3956
4011
3957
4012
3958
4013
3959
4014
3960
4015
3961
4016
3962
4017
3963
4018
3964
4019
3965
4020
3966
4021
3967
4022
3968
4023
3969
4024
3970
4025
3971
4026
3972
4027
3973
4028
3974
4029
3975
4030
3976
4031
3977
4032
3978
4033
3979
4034
3980
4035
3981
4036
3982
4037
3983
4038
4039
3985
4040
3986
4041
3987
4042
3988
4043
3989
4044
3990
4045
3991
4046
3992
4047
3993
4048
3994
4049
3995
4050
3996
4051
3997
4052
3998
4053
3999
4054
4000
4055
4001
4056
4002
4057
4003
4058
4004
4059
4005
4060
4006
4061
4007
4062
4008
4063
4009
4064
4010
4065
4011
4066
4012
4067
4013
4068
4014
4069
4015
4070
4016
4071
4017
4072
4018
4073
4019
4074
4020
4075
4021
4076
4022
4077
4023
4078
4024
4079
4025
4080
4026
4081
4027
4082
4028
4083
4029
4084
4030
4085
4031
4086
4032
4087
4033
4088
4034
4089
4035
4090
4036
4091
4037
4092
4038
4093
4039
4094
4095
4041
4096
4042
4097
4043
4098
4044
4099
4045
4100
4046
4101
4047
4102
4048
4103
4049
4104
4050
4105
4051
4106
4052
4107
4053
4108
4054
4109
4055
4110
4056
4111
4057
4112
4058
4113
4059
4114
4060
4115
4061
4116
4062
4117
4063
4118
4064
4119
4065
4120
4066
4121
4067
4122
4068
4123
4069
4124
4070
4125
4071
4126
4072
4127
4073
4128
4074
4129
4075
4130
4076
4131
4077
4132
4078
4133
4079
4134
4080
4135
4081
4136
4082
4137
4083
4138
4084
4139
4085
4140
4086
4141
4087
4142
4088
4143
4089
4144
4090
4145
4091
4146
4092
4147
4093
4148
4094
4149
4095
4150
4151
4097
4152
4098
4153
4099
4154
4100
4155
4101
4156
4102
4157
4103
4158
4104
4159
4105
4160
4106
4161
4107
4162
4108
4163
4109
4164
4110
4165
4111
4166
4112
4167
4113
4168
4114
4169
4115
4170
4116
4171
4117
4172
4118
4173
4119
4174
4120
4175
4121
4176
4122
4177
4123
4178
4124
4179
4125
4180
4126
4181
4127
4182
4128
4183
4129
4184
4130
4185
4131
4186
4132
4187
4133
4188
4134
4189
4135
4190
4136
4191
4137
4192
4138
4193
4139
4194
4140
4195
4141
4196
4142
4197
4143
4198
4144
4199
4145
4200
4146
4201
4147
4202
4148
4203
4149
4204
4150
4205
4151
4206
4207
4153
4208
4154
4209
4155
4210
4156
4211
4157
4212
4158
4213
4159
4214
4160
4215
4161
4216
4162
4217
4163
4218
4164
4219
4165
4220
4166
4221
4167
4222
4168
4223
4169
4224
4170
4225
4171
4226
4172
4227
4173
4228
4174
4229
4175
4230
4176
4231
4177
4232
4178
4233
4179
4234
4180
4235
4181
4236
4182
4237
4183
4238
4184
4239
4185
4240
4186
4241
4187
4242
4188
4243
4189
4244
4190
4245
4191
4246
4192
4247
4193
4248
4194
4249
4195
4250
4196
4251
4197
4252
4198
4253
4199
4254
4200
4255
4201
4256
4202
4257
4203
4258
4204
4259
4205
4260
4206
4261
4207
4262
4263
4209
4264
4210
4265
4211
4266
4212
4267
4213
4268
4214
4269
4215
4270
4216
4271
4217
4272
4218
4273
4219
4274
4220
4275
4221
4276
4222
4277
4223
4278
4224
4279
4225
4280
4226
4281
4227
4282
4228
4283
4229
4284
4230
4285
4231
4286
4232
4287
4233
4288
4234
4289
4235
4290
4236
4291
4237
4292
4238
4293
4239
4294
4240
4295
4241
4296
4242
4297
4243
4298
4244
4299
4245
4300
4246
4301
4247
4302
4248
4303
4249
4304
4250
4305
4251
4306
4252
4307
4253
4308
4254
4309
4255
4310
4256
4311
4257
4312
4258
4313
4259
4314
4260
4315
4261
4316
4262
4317
4263
4318
4319
4265
4320
4266
4321
4267
4322
4268
4323
4269
4324
4270
4325
4271
4326
4272
4327
4273
4328
4274
4329
4275
4330
4276
4331
4277
4332
4278
4333
4279
4334
4280
4335
4281
4336
4282
4337
4283
4338
4284
4339
4285
4340
4286
4341
4287
4342
4288
4343
4289
4344
4290
4345
4291
4346
4292
4347
4293
4348
4294
4349
4295
4350
4296
4351
4297
4352
4298
4353
4299
4354
4300
4355
4301
4356
4302
4357
4303
4358
4304
4359
4305
4360
4306
4361
4307
4362
4308
4363
4309
4364
4310
4365
4311
4366
4312
4367
4313
4368
4314
4369
4315
4370
4316
4371
4317
4372
4318
4373
4319
4374
4375
4321
4376
4322
4377
4323
4378
4324
4379
4325
4380
4326
4381
4327
4382
4328
4383
4329
4384
4330
4385
4331
4386
4332
4387
4333
4388
4334
4389
4335
4390
4336
4391
4337
4392
4338
4393
4339
4394
4340
4395
4341
4396
4342
4397
4343
4398
4344
4399
4345
4400
4346
4401
4347
4402
4348
4403
4349
4404
4350
4405
4351
4406
4352
4407
4353
4408
4354
4409
4355
4410
4356
4411
4357
4412
4358
4413
4359
4414
4360
4415
4361
4416
4362
4417
4363
4418
4364
4419
4365
4420
4366
4421
4367
4422
4368
4423
4369
4424
4370
4425
4371
4426
4372
4427
4373
4428
4374
4429
4375
4430
4431
4377
4432
4378
4433
4379
4434
4380
4435
4381
4436
4382
4437
4383
4438
4384
4439
4385
4440
4386
4441
4387
4442
4388
4443
4389
4444
4390
4445
4391
4446
4392
4447
4393
4448
4394
4449
4395
4450
4396
4451
4397
4452
4398
4453
4399
4454
4400
4455
4401
4456
4402
4457
4403
4458
4404
4459
4405
4460
4406
4461
4407
4462
4408
4463
4409
4464
4410
4465
4411
4466
4412
4467
4413
4468
4414
4469
4415
4470
4416
4471
4417
4472
4418
4473
4419
4474
4420
4475
4421
4476
4422
4477
4423
4478
4424
4479
4425
4480
4426
4481
4427
4482
4428
4483
4429
4484
4430
4485
4431
4486
4487
4433
4488
4434
4489
4435
4490
4436
4491
4437
4492
4438
4493
4439
4494
4440
4495
4441
4496
4442
4497
4443
4498
4444
4499
4445
4500
4446
4501
4447
4502
4448
4503
4449
4504
4450
4505
4451
4506
4452
4507
4453
4508
4454
4509
4455
4510
4456
4511
4457
4512
4458
4513
4459
4514
4460
4515
4461
4516
4462
4517
4463
4518
4464
4519
4465
4520
4466
4521
4467
4522
4468
4523
4469
4524
4470
4525
4471
4526
4472
4527
4473
4528
4474
4529
4475
4530
4476
4531
4477
4532
4478
4533
4479
4534
4480
4535
4481
4536
4482
4537
4483
4538
4484
4539
4485
4540
4486
4541
4487
4542
4543
4489
4544
4490
4545
4491
4546
4492
4547
4493
4548
4494
4549
4495
4550
4496
4551
4497
4552
4498
4553
4499
4554
4500
4555
4501
4556
4502
4557
4503
4558
4504
4559
4505
4560
4506
4561
4507
4562
4508
4563
4509
4564
4510
4565
4511
4566
4512
4567
4513
4568
4514
4569
4515
4570
4516
4571
4517
4572
4518
4573
4519
4574
4520
4575
4521
4576
4522
4577
4523
4578
4524
4579
4525
4580
4526
4581
4527
4582
4528
4583
4529
4584
4530
4585
4531
4586
4532
4587
4533
4588
4534
4589
4535
4590
4536
4591
4537
4592
4538
4593
4539
4594
4540
4595
4541
4596
4542
4597
4543
4598
4599
4545
4600
4546
4601
4547
4602
4548
4603
4549
4604
4550
4605
4551
4606
4552
4607
4553
4608
4554
4609
4555
4610
4556
4611
4557
4612
4558
4613
4559
4614
4560
4615
4561
4616
4562
4617
4563
4618
4564
4619
4565
4620
4566
4621
4567
4622
4568
4623
4569
4624
4570
4625
4571
4626
4572
4627
4573
4628
4574
4629
4575
4630
4576
4631
4577
4632
4578
4633
4579
4634
4580
4635
4581
4636
4582
4637
4583
4638
4584
4639
4585
4640
4586
4641
4587
4642
4588
4643
4589
4644
4590
4645
4591
4646
4592
4647
4593
4648
4594
4649
4595
4650
4596
4651
4597
4652
4598
4653
4599
4654
4655
4601
4656
4602
4657
4603
4658
4604
4659
4605
4660
4606
4661
4607
4662
4608
4663
4609
4664
4610
4665
4611
4666
4612
4667
4613
4668
4614
4669
4615
4670
4616
4671
4617
4672
4618
4673
4619
4674
4620
4675
4621
4676
4622
4677
4623
4678
4624
4679
4625
4680
4626
4681
4627
4682
4628
4683
4629
4684
4630
4685
4631
4686
4632
4687
4633
4688
4634
4689
4635
4690
4636
4691
4637
4692
4638
4693
4639
4694
4640
4695
4641
4696
4642
4697
4643
4698
4644
4699
4645
4700
4646
4701
4647
4702
4648
4703
4649
4704
4650
4705
4651
4706
4652
4707
4653
4708
4654
4709
4655
4710
4711
4657
4712
4658
4713
4659
4714
4660
4715
4661
4716
4662
4717
4663
4718
4664
4719
4665
4720
4666
4721
4667
4722
4668
4723
4669
4724
4670
4725
4671
4726
4672
4727
4673
4728
4674
4729
4675
4730
4676
4731
4677
4732
4678
4733
4679
4734
4680
4735
4681
4736
4682
4737
4683
4738
4684
4739
4685
4740
4686
4741
4687
4742
4688
4743
4689
4744
4690
4745
4691
4746
4692
4747
4693
4748
4694
4749
4695
4750
4696
4751
4697
4752
4698
4753
4699
4754
4700
4755
4701
4756
4702
4757
4703
4758
4704
4759
4705
4760
4706
4761
4707
4762
4708
4763
4709
4764
4710
4765
4711
4766
4767
4713
4768
4714
4769
4715
4770
4716
4771
4717
4772
4718
4773
4719
4774
4720
4775
4721
4776
4722
4777
4723
4778
4724
4779
4725
4780
4726
4781
4727
4782
4728
4783
4729
4784
4730
4785
4731
4786
4732
4787
4733
4788
4734
4789
4735
4790
4736
4791
4737
4792
4738
4793
4739
4794
4740
4795
4741
4796
4742
4797
4743
4798
4744
4799
4745
4800
4746
4801
4747
4802
4748
4803
4749
4804
4750
4805
4751
4806
4752
4807
4753
4808
4754
4809
4755
4810
4756
4811
4757
4812
4758
4813
4759
4814
4760
4815
4761
4816
4762
4817
4763
4818
4764
4819
4765
4820
4766
4821
4767
4822
4823
4769
4824
4770
4825
4771
4826
4772
4827
4773
4828
4774
4829
4775
4830
4776
4831
4777
4832
4778
4833
4779
4834
4780
4835
4781
4836
4782
4837
4783
4838
4784
4839
4785
4840
4786
4841
4787
4842
4788
4843
4789
4844
4790
4845
4791
4846
4792
4847
4793
4848
4794
4849
4795
4850
4796
4851
4797
4852
4798
4853
4799
4854
4800
4855
4801
4856
4802
4857
4803
4858
4804
4859
4805
4860
4806
4861
4807
4862
4808
4863
4809
4864
4810
4865
4811
4866
4812
4867
4813
4868
4814
4869
4815
4870
4816
4871
4817
4872
4818
4873
4819
4874
4820
4875
4821
4876
4822
4877
4823
4878
4879
4825
4880
4826
4881
4827
4882
4828
4883
4829
4884
4830
4885
4831
4886
4832
4887
4833
4888
4834
4889
4835
4890
4836
4891
4837
4892
4838
4893
4839
4894
4840
4895
4841
4896
4842
4897
4843
4898
4844
4899
4845
4900
4846
4901
4847
4902
4848
4903
4849
4904
4850
4905
4851
4906
4852
4907
4853
4908
4854
4909
4855
4910
4856
4911
4857
4912
4858
4913
4859
4914
4860
4915
4861
4916
4862
4917
4863
4918
4864
4919
4865
4920
4866
4921
4867
4922
4868
4923
4869
4924
4870
4925
4871
4926
4872
4927
4873
4928
4874
4929
4875
4930
4876
4931
4877
4932
4878
4933
4879
4934
4935
4881
4936
4882
4937
4883
4938
4884
4939
4885
4940
4886
4941
4887
4942
4888
4943
4889
4944
4890
4945
4891
4946
4892
4947
4893
4948
4894
4949
4895
4950
4896
4951
4897
4952
4898
4953
4899
4954
4900
4955
4901
4956
4902
4957
4903
4958
4904
4959
4905
4960
4906
4961
4907
4962
4908
4963
4909
4964
4910
4965
4911
4966
4912
4967
4913
4968
4914
4969
4915
4970
4916
4971
4917
4972
4918
4973
4919
4974
4920
4975
4921
4976
4922
4977
4923
4978
4924
4979
4925
4980
4926
4981
4927
4982
4928
4983
4929
4984
4930
4985
4931
4986
4932
4987
4933
4988
4934
4989
4935
4990
4991
4937
4938
4939
4940
4941
4942
4943
4944
4945
4946
4947
4948
4949
4950
4951
4952
4953
4954
4955
4956
4957
4958
4959
4960
4961
4962
4963
4964
4965
4966
4967
4968
4969
4970
4971
4972
4973
4974
4975
4976
4977
4978
4979
4980
4981
4982
4983
4984
4985
4986
4987
4988
4989
4990
4991
)


// ************************************************************************* //
