FoamFile
{
    version     2.0;
    format      ascii;
    class       labelList;
    location    "constant/polyMesh";
    object      owner;
}

14456     
(
 0 1 2 3 4 5 6 7 8 9
 10 11 12 13 14 15 16 17 18 19
 20 21 22 23 24 25 26 27 28 29
 30 0 1 32 2 33 3 34 4 35
 5 36 6 37 7 38 8 39 9 40
 10 41 11 42 12 43 13 44 14 45
 15 46 16 47 17 48 18 49 19 50
 20 51 21 52 22 53 23 54 24 55
 25 56 26 57 27 58 28 59 29 60
 30 61 31 62 32 33 64 34 65 35
 66 36 67 37 68 38 69 39 70 40
 71 41 72 42 73 43 74 44 75 45
 76 46 77 47 78 48 79 49 80 50
 81 51 82 52 83 53 84 54 85 55
 86 56 87 57 88 58 89 59 90 60
 91 61 92 62 93 63 94 64 65 96
 66 97 67 98 68 99 69 100 70 101
 71 102 72 103 73 104 74 105 75 106
 76 107 77 108 78 109 79 110 80 111
 81 112 82 113 83 114 84 115 85 116
 86 117 87 118 88 119 89 120 90 121
 91 122 92 123 93 124 94 125 95 126
 96 97 128 98 129 99 130 100 131 101
 132 102 133 103 134 104 135 105 136 106
 137 107 138 108 139 109 140 110 141 111
 142 112 143 113 144 114 145 115 146 116
 147 117 148 118 149 119 150 120 151 121
 152 122 153 123 154 124 155 125 156 126
 157 127 158 128 129 160 130 161 131 162
 132 163 133 164 134 165 135 166 136 167
 137 168 138 169 139 170 140 171 141 172
 142 173 143 174 144 175 145 176 146 177
 147 178 148 179 149 180 150 181 151 182
 152 183 153 184 154 185 155 186 156 187
 157 188 158 189 159 190 160 161 192 162
 193 163 194 164 195 165 196 166 197 167
 198 168 199 169 200 170 201 171 202 172
 203 173 204 174 205 175 206 176 207 177
 208 178 209 179 210 180 211 181 212 182
 213 183 214 184 215 185 216 186 217 187
 218 188 219 189 220 190 221 191 222 192
 193 224 194 225 195 226 196 227 197 228
 198 229 199 230 200 231 201 232 202 233
 203 234 204 235 205 236 206 237 207 238
 208 239 209 240 210 241 211 242 212 243
 213 244 214 245 215 246 216 247 217 248
 218 249 219 250 220 251 221 252 222 253
 223 254 224 225 256 226 257 227 258 228
 259 229 260 230 261 231 262 232 263 233
 264 234 265 235 266 236 267 237 268 238
 269 239 270 240 271 241 272 242 273 243
 274 244 275 245 276 246 277 247 278 248
 279 249 280 250 281 251 282 252 283 253
 284 254 285 255 286 256 257 288 258 289
 259 290 260 291 261 292 262 293 263 294
 264 295 265 296 266 297 267 298 268 299
 269 300 270 301 271 302 272 303 273 304
 274 305 275 306 276 307 277 308 278 309
 279 310 280 311 281 312 282 313 283 314
 284 315 285 316 286 317 287 318 288 289
 320 290 321 291 322 292 323 293 324 294
 325 295 326 296 327 297 328 298 329 299
 330 300 331 301 332 302 333 303 334 304
 335 305 336 306 337 307 338 308 339 309
 340 310 341 311 342 312 343 313 344 314
 345 315 346 316 347 317 348 318 349 319
 350 320 321 352 322 353 323 354 324 355
 325 356 326 357 327 358 328 359 329 360
 330 361 331 362 332 363 333 364 334 365
 335 366 336 367 337 368 338 369 339 370
 340 371 341 372 342 373 343 374 344 375
 345 376 346 377 347 378 348 379 349 380
 350 381 351 382 352 353 384 354 385 355
 386 356 387 357 388 358 389 359 390 360
 391 361 392 362 393 363 394 364 395 365
 396 366 397 367 398 368 399 369 400 370
 401 371 402 372 403 373 404 374 405 375
 406 376 407 377 408 378 409 379 410 380
 411 381 412 382 413 383 414 384 385 416
 386 417 387 418 388 419 389 420 390 421
 391 422 392 423 393 424 394 425 395 426
 396 427 397 428 398 429 399 430 400 431
 401 432 402 433 403 434 404 435 405 436
 406 437 407 438 408 439 409 440 410 441
 411 442 412 443 413 444 414 445 415 446
 416 417 448 418 449 419 450 420 451 421
 452 422 453 423 454 424 455 425 456 426
 457 427 458 428 459 429 460 430 461 431
 462 432 463 433 464 434 465 435 466 436
 467 437 468 438 469 439 470 440 471 441
 472 442 473 443 474 444 475 445 476 446
 477 447 478 448 449 480 450 481 451 482
 452 483 453 484 454 485 455 486 456 487
 457 488 458 489 459 490 460 491 461 492
 462 493 463 494 464 495 465 496 466 497
 467 498 468 499 469 500 470 501 471 502
 472 503 473 504 474 505 475 506 476 507
 477 508 478 509 479 510 480 481 512 482
 513 483 514 484 515 485 516 486 517 487
 518 488 519 489 520 490 521 491 522 492
 523 493 524 494 525 495 526 496 527 497
 528 498 529 499 530 500 531 501 532 502
 533 503 534 504 535 505 536 506 537 507
 538 508 539 509 540 510 541 511 542 512
 513 544 514 545 515 546 516 547 517 548
 518 549 519 550 520 551 521 552 522 553
 523 554 524 555 525 556 526 557 527 558
 528 559 529 560 530 561 531 562 532 563
 533 564 534 565 535 566 536 567 537 568
 538 569 539 570 540 571 541 572 542 573
 543 574 544 545 576 546 577 547 578 548
 579 549 580 550 581 551 582 552 583 553
 584 554 585 555 586 556 587 557 588 558
 589 559 590 560 591 561 592 562 593 563
 594 564 595 565 596 566 597 567 598 568
 599 569 600 570 601 571 602 572 603 573
 604 574 605 575 606 576 577 608 578 609
 579 610 580 611 581 612 582 613 583 614
 584 615 585 616 586 617 587 618 588 619
 589 620 590 621 591 622 592 623 593 624
 594 625 595 626 596 627 597 628 598 629
 599 630 600 631 601 632 602 633 603 634
 604 635 605 636 606 637 607 638 608 609
 640 610 641 611 642 612 643 613 644 614
 645 615 646 616 647 617 648 618 649 619
 650 620 651 621 652 622 653 623 654 624
 655 625 656 626 657 627 658 628 659 629
 660 630 661 631 662 632 663 633 664 634
 665 635 666 636 667 637 668 638 669 639
 670 640 641 672 642 673 643 674 644 675
 645 676 646 677 647 678 648 679 649 680
 650 681 651 682 652 683 653 684 654 685
 655 686 656 687 657 688 658 689 659 690
 660 691 661 692 662 693 663 694 664 695
 665 696 666 697 667 698 668 699 669 700
 670 701 671 702 672 673 704 674 705 675
 706 676 707 677 708 678 709 679 710 680
 711 681 712 682 713 683 714 684 715 685
 716 686 717 687 718 688 719 689 720 690
 721 691 722 692 723 693 724 694 725 695
 726 696 727 697 728 698 729 699 730 700
 731 701 732 702 733 703 734 704 705 736
 706 737 707 738 708 739 709 740 710 741
 711 742 712 743 713 744 714 745 715 746
 716 747 717 748 718 749 719 750 720 751
 721 752 722 753 723 754 724 755 725 756
 726 757 727 758 728 759 729 760 730 761
 731 762 732 763 733 764 734 765 735 766
 736 737 768 738 769 739 770 740 771 741
 772 742 773 743 774 744 775 745 776 746
 777 747 778 748 779 749 780 750 781 751
 782 752 783 753 784 754 785 755 786 756
 787 757 788 758 789 759 790 760 791 761
 792 762 793 763 794 764 795 765 796 766
 797 767 798 768 769 800 770 801 771 802
 772 803 773 804 774 805 775 806 776 807
 777 808 778 809 779 810 780 811 781 812
 782 813 783 814 784 815 785 816 786 817
 787 818 788 819 789 820 790 821 791 822
 792 823 793 824 794 825 795 826 796 827
 797 828 798 829 799 830 800 801 832 802
 833 803 834 804 835 805 836 806 837 807
 838 808 839 809 840 810 841 811 842 812
 843 813 844 814 845 815 846 816 847 817
 848 818 849 819 850 820 851 821 852 822
 853 823 854 824 855 825 856 826 857 827
 858 828 859 829 860 830 861 831 862 832
 833 864 834 865 835 866 836 867 837 868
 838 869 839 870 840 871 841 872 842 873
 843 874 844 875 845 876 846 877 847 878
 848 879 849 880 850 881 851 882 852 883
 853 884 854 885 855 886 856 887 857 888
 858 889 859 890 860 891 861 892 862 893
 863 894 864 865 896 866 897 867 898 868
 899 869 900 870 901 871 902 872 903 873
 904 874 905 875 906 876 907 877 908 878
 909 879 910 880 911 881 912 882 913 883
 914 884 915 885 916 886 917 887 918 888
 919 889 920 890 921 891 922 892 923 893
 924 894 925 895 926 896 897 928 898 929
 899 930 900 931 901 932 902 933 903 934
 904 935 905 936 906 937 907 938 908 939
 909 940 910 941 911 942 912 943 913 944
 914 945 915 946 916 947 917 948 918 949
 919 950 920 951 921 952 922 953 923 954
 924 955 925 956 926 957 927 958 928 929
 960 930 961 931 962 932 963 933 964 934
 965 935 966 936 967 937 968 938 969 939
 970 940 971 941 972 942 973 943 974 944
 975 945 976 946 977 947 978 948 979 949
 980 950 981 951 982 952 983 953 984 954
 985 955 986 956 987 957 988 958 989 959
 990 960 961 992 962 993 963 994 964 995
 965 996 966 997 967 998 968 999 969 1000
 970 1001 971 1002 972 1003 973 1004 974 1005
 975 1006 976 1007 977 1008 978 1009 979 1010
 980 1011 981 1012 982 1013 983 1014 984 1015
 985 1016 986 1017 987 1018 988 1019 989 1020
 990 1021 991 1022 992 993 1024 994 1025 995
 1026 996 1027 997 1028 998 1029 999 1030 1000
 1031 1001 1032 1002 1033 1003 1034 1004 1035 1005
 1036 1006 1037 1007 1038 1008 1039 1009 1040 1010
 1041 1011 1042 1012 1043 1013 1044 1014 1045 1015
 1046 1016 1047 1017 1048 1018 1049 1019 1050 1020
 1051 1021 1052 1022 1053 1023 1054 1024 1025 1056
 1026 1057 1027 1058 1028 1059 1029 1060 1030 1061
 1031 1062 1032 1063 1033 1064 1034 1065 1035 1066
 1036 1067 1037 1068 1038 1069 1039 1070 1040 1071
 1041 1072 1042 1073 1043 1074 1044 1075 1045 1076
 1046 1077 1047 1078 1048 1079 1049 1080 1050 1081
 1051 1082 1052 1083 1053 1084 1054 1085 1055 1086
 1056 1057 1088 1058 1089 1059 1090 1060 1091 1061
 1092 1062 1093 1063 1094 1064 1095 1065 1096 1066
 1097 1067 1098 1068 1099 1069 1100 1070 1101 1071
 1102 1072 1103 1073 1104 1074 1105 1075 1106 1076
 1107 1077 1108 1078 1109 1079 1110 1080 1111 1081
 1112 1082 1113 1083 1114 1084 1115 1085 1116 1086
 1117 1087 1118 1088 1089 1120 1090 1121 1091 1122
 1092 1123 1093 1124 1094 1125 1095 1126 1096 1127
 1097 1128 1098 1129 1099 1130 1100 1131 1101 1132
 1102 1133 1103 1134 1104 1135 1105 1136 1106 1137
 1107 1138 1108 1139 1109 1140 1110 1141 1111 1142
 1112 1143 1113 1144 1114 1145 1115 1146 1116 1147
 1117 1148 1118 1149 1119 1150 1120 1121 1152 1122
 1153 1123 1154 1124 1155 1125 1156 1126 1157 1127
 1158 1128 1159 1129 1160 1130 1161 1131 1162 1132
 1163 1133 1164 1134 1165 1135 1166 1136 1167 1137
 1168 1138 1169 1139 1170 1140 1171 1141 1172 1142
 1173 1143 1174 1144 1175 1145 1176 1146 1177 1147
 1178 1148 1179 1149 1180 1150 1181 1151 1182 1152
 1153 1184 1154 1185 1155 1186 1156 1187 1157 1188
 1158 1189 1159 1190 1160 1191 1161 1192 1162 1193
 1163 1194 1164 1195 1165 1196 1166 1197 1167 1198
 1168 1199 1169 1200 1170 1201 1171 1202 1172 1203
 1173 1204 1174 1205 1175 1206 1176 1207 1177 1208
 1178 1209 1179 1210 1180 1211 1181 1212 1182 1213
 1183 1214 1184 1185 1216 1186 1217 1187 1218 1188
 1219 1189 1220 1190 1221 1191 1222 1192 1223 1193
 1224 1194 1225 1195 1226 1196 1227 1197 1228 1198
 1229 1199 1230 1200 1231 1201 1232 1202 1233 1203
 1234 1204 1235 1205 1236 1206 1237 1207 1238 1208
 1239 1209 1240 1210 1241 1211 1242 1212 1243 1213
 1244 1214 1245 1215 1246 1216 1217 1248 1218 1249
 1219 1250 1220 1251 1221 1252 1222 1253 1223 1254
 1224 1255 1225 1256 1226 1257 1227 1258 1228 1259
 1229 1260 1230 1261 1231 1262 1232 1263 1233 1264
 1234 1265 1235 1266 1236 1267 1237 1268 1238 1269
 1239 1270 1240 1271 1241 1272 1242 1273 1243 1274
 1244 1275 1245 1276 1246 1277 1247 1278 1248 1249
 1280 1250 1281 1251 1282 1252 1283 1253 1284 1254
 1285 1255 1286 1256 1287 1257 1288 1258 1289 1259
 1290 1260 1291 1261 1292 1262 1293 1263 1294 1264
 1295 1265 1296 1266 1297 1267 1298 1268 1299 1269
 1300 1270 1301 1271 1302 1272 1303 1273 1304 1274
 1305 1275 1306 1276 1307 1277 1308 1278 1309 1279
 1310 1280 1281 1312 1282 1313 1283 1314 1284 1315
 1285 1316 1286 1317 1287 1318 1288 1319 1289 1320
 1290 1321 1291 1322 1292 1323 1293 1324 1294 1325
 1295 1326 1296 1327 1297 1328 1298 1329 1299 1330
 1300 1331 1301 1332 1302 1333 1303 1334 1304 1335
 1305 1336 1306 1337 1307 1338 1308 1339 1309 1340
 1310 1341 1311 1342 1312 1313 1344 1314 1345 1315
 1346 1316 1347 1317 1348 1318 1349 1319 1350 1320
 1351 1321 1352 1322 1353 1323 1354 1324 1355 1325
 1356 1326 1357 1327 1358 1328 1359 1329 1360 1330
 1361 1331 1362 1332 1363 1333 1364 1334 1365 1335
 1366 1336 1367 1337 1368 1338 1369 1339 1370 1340
 1371 1341 1372 1342 1373 1343 1374 1344 1345 1376
 1346 1377 1347 1378 1348 1379 1349 1380 1350 1381
 1351 1382 1352 1383 1353 1384 1354 1385 1355 1386
 1356 1387 1357 1388 1358 1389 1359 1390 1360 1391
 1361 1392 1362 1393 1363 1394 1364 1395 1365 1396
 1366 1397 1367 1398 1368 1399 1369 1400 1370 1401
 1371 1402 1372 1403 1373 1404 1374 1405 1375 1406
 1376 1377 1408 1378 1409 1379 1410 1380 1411 1381
 1412 1382 1413 1383 1414 1384 1415 1385 1416 1386
 1417 1387 1418 1388 1419 1389 1420 1390 1421 1391
 1422 1392 1423 1393 1424 1394 1425 1395 1426 1396
 1427 1397 1428 1398 1429 1399 1430 1400 1431 1401
 1432 1402 1433 1403 1434 1404 1435 1405 1436 1406
 1437 1407 1438 1408 1409 1440 1410 1441 1411 1442
 1412 1443 1413 1444 1414 1445 1415 1446 1416 1447
 1417 1448 1418 1449 1419 1450 1420 1451 1421 1452
 1422 1453 1423 1454 1424 1455 1425 1456 1426 1457
 1427 1458 1428 1459 1429 1460 1430 1461 1431 1462
 1432 1463 1433 1464 1434 1465 1435 1466 1436 1467
 1437 1468 1438 1469 1439 1470 1440 1441 1472 1442
 1473 1443 1474 1444 1475 1445 1476 1446 1477 1447
 1478 1448 1479 1449 1480 1450 1481 1451 1482 1452
 1483 1453 1484 1454 1485 1455 1486 1456 1487 1457
 1488 1458 1489 1459 1490 1460 1491 1461 1492 1462
 1493 1463 1494 1464 1495 1465 1496 1466 1497 1467
 1498 1468 1499 1469 1500 1470 1501 1471 1502 1472
 1473 1504 1474 1505 1475 1506 1476 1507 1477 1508
 1478 1509 1479 1510 1480 1511 1481 1512 1482 1513
 1483 1514 1484 1515 1485 1516 1486 1517 1487 1518
 1488 1519 1489 1520 1490 1521 1491 1522 1492 1523
 1493 1524 1494 1525 1495 1526 1496 1527 1497 1528
 1498 1529 1499 1530 1500 1531 1501 1532 1502 1533
 1503 1534 1504 1505 1536 1506 1537 1507 1538 1508
 1539 1509 1540 1510 1541 1511 1542 1512 1543 1513
 1544 1514 1545 1515 1546 1516 1547 1517 1548 1518
 1549 1519 1550 1520 1551 1521 1552 1522 1553 1523
 1554 1524 1555 1525 1556 1526 1557 1527 1558 1528
 1559 1529 1560 1530 1561 1531 1562 1532 1563 1533
 1564 1534 1565 1535 1566 1536 1537 1568 1538 1569
 1539 1570 1540 1571 1541 1572 1542 1573 1543 1574
 1544 1575 1545 1576 1546 1577 1547 1578 1548 1579
 1549 1580 1550 1581 1551 1582 1552 1583 1553 1584
 1554 1585 1555 1586 1556 1587 1557 1588 1558 1589
 1559 1590 1560 1591 1561 1592 1562 1593 1563 1594
 1564 1595 1565 1596 1566 1597 1567 1598 1568 1569
 1600 1570 1601 1571 1602 1572 1603 1573 1604 1574
 1605 1575 1606 1576 1607 1577 1608 1578 1609 1579
 1610 1580 1611 1581 1612 1582 1613 1583 1614 1584
 1615 1585 1616 1586 1617 1587 1618 1588 1619 1589
 1620 1590 1621 1591 1622 1592 1623 1593 1624 1594
 1625 1595 1626 1596 1627 1597 1628 1598 1629 1599
 1630 1600 1601 1632 1602 1633 1603 1634 1604 1635
 1605 1636 1606 1637 1607 1638 1608 1639 1609 1640
 1610 1641 1611 1642 1612 1643 1613 1644 1614 1645
 1615 1646 1616 1647 1617 1648 1618 1649 1619 1650
 1620 1651 1621 1652 1622 1653 1623 1654 1624 1655
 1625 1656 1626 1657 1627 1658 1628 1659 1629 1660
 1630 1661 1631 1662 1632 1633 1664 1634 1665 1635
 1666 1636 1667 1637 1668 1638 1669 1639 1670 1640
 1671 1641 1672 1642 1673 1643 1674 1644 1675 1645
 1676 1646 1677 1647 1678 1648 1679 1649 1680 1650
 1681 1651 1682 1652 1683 1653 1684 1654 1685 1655
 1686 1656 1687 1657 1688 1658 1689 1659 1690 1660
 1691 1661 1692 1662 1693 1663 1694 1664 1665 1696
 1666 1697 1667 1698 1668 1699 1669 1700 1670 1701
 1671 1702 1672 1703 1673 1704 1674 1705 1675 1706
 1676 1707 1677 1708 1678 1709 1679 1710 1680 1711
 1681 1712 1682 1713 1683 1714 1684 1715 1685 1716
 1686 1717 1687 1718 1688 1719 1689 1720 1690 1721
 1691 1722 1692 1723 1693 1724 1694 1725 1695 1726
 1696 1697 1728 1698 1729 1699 1730 1700 1731 1701
 1732 1702 1733 1703 1734 1704 1735 1705 1736 1706
 1737 1707 1738 1708 1739 1709 1740 1710 1741 1711
 1742 1712 1743 1713 1744 1714 1745 1715 1746 1716
 1747 1717 1748 1718 1749 1719 1750 1720 1751 1721
 1752 1722 1753 1723 1754 1724 1755 1725 1756 1726
 1757 1727 1758 1728 1729 1760 1730 1761 1731 1762
 1732 1763 1733 1764 1734 1765 1735 1766 1736 1767
 1737 1768 1738 1769 1739 1770 1740 1771 1741 1772
 1742 1773 1743 1774 1744 1775 1745 1776 1746 1777
 1747 1778 1748 1779 1749 1780 1750 1781 1751 1782
 1752 1783 1753 1784 1754 1785 1755 1786 1756 1787
 1757 1788 1758 1789 1759 1790 1760 1761 1792 1762
 1793 1763 1794 1764 1795 1765 1796 1766 1797 1767
 1798 1768 1799 1769 1800 1770 1801 1771 1802 1772
 1803 1773 1804 1774 1805 1775 1806 1776 1807 1777
 1808 1778 1809 1779 1810 1780 1811 1781 1812 1782
 1813 1783 1814 1784 1815 1785 1816 1786 1817 1787
 1818 1788 1819 1789 1820 1790 1821 1791 1822 1792
 1793 1824 1794 1825 1795 1826 1796 1827 1797 1828
 1798 1829 1799 1830 1800 1831 1801 1832 1802 1833
 1803 1834 1804 1835 1805 1836 1806 1837 1807 1838
 1808 1839 1809 1840 1810 1841 1811 1842 1812 1843
 1813 1844 1814 1845 1815 1846 1816 1847 1817 1848
 1818 1849 1819 1850 1820 1851 1821 1852 1822 1853
 1823 1854 1824 1825 1856 1826 1857 1827 1858 1828
 1859 1829 1860 1830 1861 1831 1862 1832 1863 1833
 1864 1834 1865 1835 1866 1836 1867 1837 1868 1838
 1869 1839 1870 1840 1871 1841 1872 1842 1873 1843
 1874 1844 1875 1845 1876 1846 1877 1847 1878 1848
 1879 1849 1880 1850 1881 1851 1882 1852 1883 1853
 1884 1854 1885 1855 1886 1856 1857 1888 1858 1889
 1859 1890 1860 1891 1861 1892 1862 1893 1863 1894
 1864 1895 1865 1896 1866 1897 1867 1898 1868 1899
 1869 1900 1870 1901 1871 1902 1872 1903 1873 1904
 1874 1905 1875 1906 1876 1907 1877 1908 1878 1909
 1879 1910 1880 1911 1881 1912 1882 1913 1883 1914
 1884 1915 1885 1916 1886 1917 1887 1918 1888 1889
 1920 1890 1921 1891 1922 1892 1923 1893 1924 1894
 1925 1895 1926 1896 1927 1897 1928 1898 1929 1899
 1930 1900 1931 1901 1932 1902 1933 1903 1934 1904
 1935 1905 1936 1906 1937 1907 1938 1908 1939 1909
 1940 1910 1941 1911 1942 1912 1943 1913 1944 1914
 1945 1915 1946 1916 1947 1917 1948 1918 1949 1919
 1950 1920 1921 1952 1922 1953 1923 1954 1924 1955
 1925 1956 1926 1957 1927 1958 1928 1959 1929 1960
 1930 1961 1931 1962 1932 1963 1933 1964 1934 1965
 1935 1966 1936 1967 1937 1968 1938 1969 1939 1970
 1940 1971 1941 1972 1942 1973 1943 1974 1944 1975
 1945 1976 1946 1977 1947 1978 1948 1979 1949 1980
 1950 1981 1951 1982 1952 1953 1984 1954 1985 1955
 1986 1956 1987 1957 1988 1958 1989 1959 1990 1960
 1991 1961 1992 1962 1993 1963 1994 1964 1995 1965
 1996 1966 1997 1967 1998 1968 1999 1969 2000 1970
 2001 1971 2002 1972 2003 1973 2004 1974 2005 1975
 2006 1976 2007 1977 2008 1978 2009 1979 2010 1980
 2011 1981 2012 1982 2013 1983 2014 1984 1985 2016
 1986 2017 1987 2018 1988 2019 1989 2020 1990 2021
 1991 2022 1992 2023 1993 2024 1994 2025 1995 2026
 1996 2027 1997 2028 1998 2029 1999 2030 2000 2031
 2001 2032 2002 2033 2003 2034 2004 2035 2005 2036
 2006 2037 2007 2038 2008 2039 2009 2040 2010 2041
 2011 2042 2012 2043 2013 2044 2014 2045 2015 2046
 2016 2017 2048 2018 2049 2019 2050 2020 2051 2021
 2052 2022 2053 2023 2054 2024 2055 2025 2056 2026
 2057 2027 2058 2028 2059 2029 2060 2030 2061 2031
 2062 2032 2063 2033 2064 2034 2065 2035 2066 2036
 2067 2037 2068 2038 2069 2039 2070 2040 2071 2041
 2072 2042 2073 2043 2074 2044 2075 2045 2076 2046
 2077 2047 2078 2048 2049 2080 2050 2081 2051 2082
 2052 2083 2053 2084 2054 2085 2055 2086 2056 2087
 2057 2088 2058 2089 2059 2090 2060 2091 2061 2092
 2062 2093 2063 2094 2064 2095 2065 2096 2066 2097
 2067 2098 2068 2099 2069 2100 2070 2101 2071 2102
 2072 2103 2073 2104 2074 2105 2075 2106 2076 2107
 2077 2108 2078 2109 2079 2110 2080 2081 2112 2082
 2113 2083 2114 2084 2115 2085 2116 2086 2117 2087
 2118 2088 2119 2089 2120 2090 2121 2091 2122 2092
 2123 2093 2124 2094 2125 2095 2126 2096 2127 2097
 2128 2098 2129 2099 2130 2100 2131 2101 2132 2102
 2133 2103 2134 2104 2135 2105 2136 2106 2137 2107
 2138 2108 2139 2109 2140 2110 2141 2111 2142 2112
 2113 2144 2114 2145 2115 2146 2116 2147 2117 2148
 2118 2149 2119 2150 2120 2151 2121 2152 2122 2153
 2123 2154 2124 2155 2125 2156 2126 2157 2127 2158
 2128 2159 2129 2160 2130 2161 2131 2162 2132 2163
 2133 2164 2134 2165 2135 2166 2136 2167 2137 2168
 2138 2169 2139 2170 2140 2171 2141 2172 2142 2173
 2143 2174 2144 2145 2176 2146 2177 2147 2178 2148
 2179 2149 2180 2150 2181 2151 2182 2152 2183 2153
 2184 2154 2185 2155 2186 2156 2187 2157 2188 2158
 2189 2159 2190 2160 2191 2161 2192 2162 2193 2163
 2194 2164 2195 2165 2196 2166 2197 2167 2198 2168
 2199 2169 2200 2170 2201 2171 2202 2172 2203 2173
 2204 2174 2205 2175 2206 2176 2177 2208 2178 2209
 2179 2210 2180 2211 2181 2212 2182 2213 2183 2214
 2184 2215 2185 2216 2186 2217 2187 2218 2188 2219
 2189 2220 2190 2221 2191 2222 2192 2223 2193 2224
 2194 2225 2195 2226 2196 2227 2197 2228 2198 2229
 2199 2230 2200 2231 2201 2232 2202 2233 2203 2234
 2204 2235 2205 2236 2206 2237 2207 2238 2208 2209
 2240 2210 2241 2211 2242 2212 2243 2213 2244 2214
 2245 2215 2246 2216 2247 2217 2248 2218 2249 2219
 2250 2220 2251 2221 2252 2222 2253 2223 2254 2224
 2255 2225 2256 2226 2257 2227 2258 2228 2259 2229
 2260 2230 2261 2231 2262 2232 2263 2233 2264 2234
 2265 2235 2266 2236 2267 2237 2268 2238 2269 2239
 2270 2240 2241 2272 2242 2273 2243 2274 2244 2275
 2245 2276 2246 2277 2247 2278 2248 2279 2249 2280
 2250 2281 2251 2282 2252 2283 2253 2284 2254 2285
 2255 2286 2256 2287 2257 2288 2258 2289 2259 2290
 2260 2291 2261 2292 2262 2293 2263 2294 2264 2295
 2265 2296 2266 2297 2267 2298 2268 2299 2269 2300
 2270 2301 2271 2302 2272 2273 2304 2274 2305 2275
 2306 2276 2307 2277 2308 2278 2309 2279 2310 2280
 2311 2281 2312 2282 2313 2283 2314 2284 2315 2285
 2316 2286 2317 2287 2318 2288 2319 2289 2320 2290
 2321 2291 2322 2292 2323 2293 2324 2294 2325 2295
 2326 2296 2327 2297 2328 2298 2329 2299 2330 2300
 2331 2301 2332 2302 2333 2303 2334 2304 2305 2336
 2306 2337 2307 2338 2308 2339 2309 2340 2310 2341
 2311 2342 2312 2343 2313 2344 2314 2345 2315 2346
 2316 2347 2317 2348 2318 2349 2319 2350 2320 2351
 2321 2352 2322 2353 2323 2354 2324 2355 2325 2356
 2326 2357 2327 2358 2328 2359 2329 2360 2330 2361
 2331 2362 2332 2363 2333 2364 2334 2365 2335 2366
 2336 2337 2368 2338 2369 2339 2370 2340 2371 2341
 2372 2342 2373 2343 2374 2344 2375 2345 2376 2346
 2377 2347 2378 2348 2379 2349 2380 2350 2381 2351
 2382 2352 2383 2353 2384 2354 2385 2355 2386 2356
 2387 2357 2388 2358 2389 2359 2390 2360 2391 2361
 2392 2362 2393 2363 2394 2364 2395 2365 2396 2366
 2397 2367 2398 2368 2369 2400 2370 2401 2371 2402
 2372 2403 2373 2404 2374 2405 2375 2406 2376 2407
 2377 2408 2378 2409 2379 2410 2380 2411 2381 2412
 2382 2413 2383 2414 2384 2415 2385 2416 2386 2417
 2387 2418 2388 2419 2389 2420 2390 2421 2391 2422
 2392 2423 2393 2424 2394 2425 2395 2426 2396 2427
 2397 2428 2398 2429 2399 2430 2400 2401 2432 2402
 2433 2403 2434 2404 2435 2405 2436 2406 2437 2407
 2438 2408 2439 2409 2440 2410 2441 2411 2442 2412
 2443 2413 2444 2414 2445 2415 2446 2416 2447 2417
 2448 2418 2449 2419 2450 2420 2451 2421 2452 2422
 2453 2423 2454 2424 2455 2425 2456 2426 2457 2427
 2458 2428 2459 2429 2460 2430 2461 2431 2462 2432
 2433 2464 2434 2465 2435 2466 2436 2467 2437 2468
 2438 2469 2439 2470 2440 2471 2441 2472 2442 2473
 2443 2474 2444 2475 2445 2476 2446 2477 2447 2478
 2448 2479 2449 2480 2450 2481 2451 2482 2452 2483
 2453 2484 2454 2485 2455 2486 2456 2487 2457 2488
 2458 2489 2459 2490 2460 2491 2461 2492 2462 2493
 2463 2494 2464 2465 2496 2466 2497 2467 2498 2468
 2499 2469 2500 2470 2501 2471 2502 2472 2503 2473
 2504 2474 2505 2475 2506 2476 2507 2477 2508 2478
 2509 2479 2510 2480 2511 2481 2512 2482 2513 2483
 2514 2484 2515 2485 2516 2486 2517 2487 2518 2488
 2519 2489 2520 2490 2521 2491 2522 2492 2523 2493
 2524 2494 2525 2495 2526 2496 2497 2528 2498 2529
 2499 2530 2500 2531 2501 2532 2502 2533 2503 2534
 2504 2535 2505 2536 2506 2537 2507 2538 2508 2539
 2509 2540 2510 2541 2511 2542 2512 2543 2513 2544
 2514 2545 2515 2546 2516 2547 2517 2548 2518 2549
 2519 2550 2520 2551 2521 2552 2522 2553 2523 2554
 2524 2555 2525 2556 2526 2557 2527 2558 2528 2529
 2560 2530 2561 2531 2562 2532 2563 2533 2564 2534
 2565 2535 2566 2536 2567 2537 2568 2538 2569 2539
 2570 2540 2571 2541 2572 2542 2573 2543 2574 2544
 2575 2545 2576 2546 2577 2547 2578 2548 2579 2549
 2580 2550 2581 2551 2582 2552 2583 2553 2584 2554
 2585 2555 2586 2556 2587 2557 2588 2558 2589 2559
 2590 2560 2561 2592 2562 2593 2563 2594 2564 2595
 2565 2596 2566 2597 2567 2598 2568 2599 2569 2600
 2570 2601 2571 2602 2572 2603 2573 2604 2574 2605
 2575 2606 2576 2607 2577 2608 2578 2609 2579 2610
 2580 2611 2581 2612 2582 2613 2583 2614 2584 2615
 2585 2616 2586 2617 2587 2618 2588 2619 2589 2620
 2590 2621 2591 2622 2592 2593 2624 2594 2625 2595
 2626 2596 2627 2597 2628 2598 2629 2599 2630 2600
 2631 2601 2632 2602 2633 2603 2634 2604 2635 2605
 2636 2606 2637 2607 2638 2608 2639 2609 2640 2610
 2641 2611 2642 2612 2643 2613 2644 2614 2645 2615
 2646 2616 2647 2617 2648 2618 2649 2619 2650 2620
 2651 2621 2652 2622 2653 2623 2654 2624 2625 2656
 2626 2657 2627 2658 2628 2659 2629 2660 2630 2661
 2631 2662 2632 2663 2633 2664 2634 2665 2635 2666
 2636 2667 2637 2668 2638 2669 2639 2670 2640 2671
 2641 2672 2642 2673 2643 2674 2644 2675 2645 2676
 2646 2677 2647 2678 2648 2679 2649 2680 2650 2681
 2651 2682 2652 2683 2653 2684 2654 2685 2655 2686
 2656 2657 2688 2658 2689 2659 2690 2660 2691 2661
 2692 2662 2693 2663 2694 2664 2695 2665 2696 2666
 2697 2667 2698 2668 2699 2669 2700 2670 2701 2671
 2702 2672 2703 2673 2704 2674 2705 2675 2706 2676
 2707 2677 2708 2678 2709 2679 2710 2680 2711 2681
 2712 2682 2713 2683 2714 2684 2715 2685 2716 2686
 2717 2687 2718 2688 2689 2720 2690 2721 2691 2722
 2692 2723 2693 2724 2694 2725 2695 2726 2696 2727
 2697 2728 2698 2729 2699 2730 2700 2731 2701 2732
 2702 2733 2703 2734 2704 2735 2705 2736 2706 2737
 2707 2738 2708 2739 2709 2740 2710 2741 2711 2742
 2712 2743 2713 2744 2714 2745 2715 2746 2716 2747
 2717 2748 2718 2749 2719 2750 2720 2721 2752 2722
 2753 2723 2754 2724 2755 2725 2756 2726 2757 2727
 2758 2728 2759 2729 2760 2730 2761 2731 2762 2732
 2763 2733 2764 2734 2765 2735 2766 2736 2767 2737
 2768 2738 2769 2739 2770 2740 2771 2741 2772 2742
 2773 2743 2774 2744 2775 2745 2776 2746 2777 2747
 2778 2748 2779 2749 2780 2750 2781 2751 2782 2752
 2753 2784 2754 2785 2755 2786 2756 2787 2757 2788
 2758 2789 2759 2790 2760 2791 2761 2792 2762 2793
 2763 2794 2764 2795 2765 2796 2766 2797 2767 2798
 2768 2799 2769 2800 2770 2801 2771 2802 2772 2803
 2773 2804 2774 2805 2775 2806 2776 2807 2777 2808
 2778 2809 2779 2810 2780 2811 2781 2812 2782 2813
 2783 2814 2784 736 2785 2816 2786 2817 2787 2818
 2788 2819 2789 2820 2790 2821 2791 2822 2792 2823
 2793 2824 2794 2825 2795 2826 2796 2827 2797 2828
 2798 2829 2799 2830 2800 2831 2801 2832 2802 2833
 2803 2834 2804 2835 2805 2836 2806 2837 2807 2838
 2808 2839 2809 2840 2810 2841 2811 2842 2812 2843
 2813 2844 2814 2845 2815 2846 2816 704 2817 2848
 2818 2849 2819 2850 2820 2851 2821 2852 2822 2853
 2823 2854 2824 2855 2825 2856 2826 2857 2827 2858
 2828 2859 2829 2860 2830 2861 2831 2862 2832 2863
 2833 2864 2834 2865 2835 2866 2836 2867 2837 2868
 2838 2869 2839 2870 2840 2871 2841 2872 2842 2873
 2843 2874 2844 2875 2845 2876 2846 2877 2847 2878
 2848 672 2849 2880 2850 2881 2851 2882 2852 2883
 2853 2884 2854 2885 2855 2886 2856 2887 2857 2888
 2858 2889 2859 2890 2860 2891 2861 2892 2862 2893
 2863 2894 2864 2895 2865 2896 2866 2897 2867 2898
 2868 2899 2869 2900 2870 2901 2871 2902 2872 2903
 2873 2904 2874 2905 2875 2906 2876 2907 2877 2908
 2878 2909 2879 2910 2880 640 2881 2912 2882 2913
 2883 2914 2884 2915 2885 2916 2886 2917 2887 2918
 2888 2919 2889 2920 2890 2921 2891 2922 2892 2923
 2893 2924 2894 2925 2895 2926 2896 2927 2897 2928
 2898 2929 2899 2930 2900 2931 2901 2932 2902 2933
 2903 2934 2904 2935 2905 2936 2906 2937 2907 2938
 2908 2939 2909 2940 2910 2941 2911 2942 2912 608
 2913 2944 2914 2945 2915 2946 2916 2947 2917 2948
 2918 2949 2919 2950 2920 2951 2921 2952 2922 2953
 2923 2954 2924 2955 2925 2956 2926 2957 2927 2958
 2928 2959 2929 2960 2930 2961 2931 2962 2932 2963
 2933 2964 2934 2965 2935 2966 2936 2967 2937 2968
 2938 2969 2939 2970 2940 2971 2941 2972 2942 2973
 2943 2974 2944 576 2945 2976 2946 2977 2947 2978
 2948 2979 2949 2980 2950 2981 2951 2982 2952 2983
 2953 2984 2954 2985 2955 2986 2956 2987 2957 2988
 2958 2989 2959 2990 2960 2991 2961 2992 2962 2993
 2963 2994 2964 2995 2965 2996 2966 2997 2967 2998
 2968 2999 2969 3000 2970 3001 2971 3002 2972 3003
 2973 3004 2974 3005 2975 3006 2976 544 2977 3008
 2978 3009 2979 3010 2980 3011 2981 3012 2982 3013
 2983 3014 2984 3015 2985 3016 2986 3017 2987 3018
 2988 3019 2989 3020 2990 3021 2991 3022 2992 3023
 2993 3024 2994 3025 2995 3026 2996 3027 2997 3028
 2998 3029 2999 3030 3000 3031 3001 3032 3002 3033
 3003 3034 3004 3035 3005 3036 3006 3037 3007 3038
 3008 512 3009 3040 3010 3041 3011 3042 3012 3043
 3013 3044 3014 3045 3015 3046 3016 3047 3017 3048
 3018 3049 3019 3050 3020 3051 3021 3052 3022 3053
 3023 3054 3024 3055 3025 3056 3026 3057 3027 3058
 3028 3059 3029 3060 3030 3061 3031 3062 3032 3063
 3033 3064 3034 3065 3035 3066 3036 3067 3037 3068
 3038 3069 3039 3070 3040 480 3041 3072 3042 3073
 3043 3074 3044 3075 3045 3076 3046 3077 3047 3078
 3048 3079 3049 3080 3050 3081 3051 3082 3052 3083
 3053 3084 3054 3085 3055 3086 3056 3087 3057 3088
 3058 3089 3059 3090 3060 3091 3061 3092 3062 3093
 3063 3094 3064 3095 3065 3096 3066 3097 3067 3098
 3068 3099 3069 3100 3070 3101 3071 3102 3072 448
 3073 3104 3074 3105 3075 3106 3076 3107 3077 3108
 3078 3109 3079 3110 3080 3111 3081 3112 3082 3113
 3083 3114 3084 3115 3085 3116 3086 3117 3087 3118
 3088 3119 3089 3120 3090 3121 3091 3122 3092 3123
 3093 3124 3094 3125 3095 3126 3096 3127 3097 3128
 3098 3129 3099 3130 3100 3131 3101 3132 3102 3133
 3103 3134 3104 416 3105 3136 3106 3137 3107 3138
 3108 3139 3109 3140 3110 3141 3111 3142 3112 3143
 3113 3144 3114 3145 3115 3146 3116 3147 3117 3148
 3118 3149 3119 3150 3120 3151 3121 3152 3122 3153
 3123 3154 3124 3155 3125 3156 3126 3157 3127 3158
 3128 3159 3129 3160 3130 3161 3131 3162 3132 3163
 3133 3164 3134 3165 3135 3166 3136 384 3137 3168
 3138 3169 3139 3170 3140 3171 3141 3172 3142 3173
 3143 3174 3144 3175 3145 3176 3146 3177 3147 3178
 3148 3179 3149 3180 3150 3181 3151 3182 3152 3183
 3153 3184 3154 3185 3155 3186 3156 3187 3157 3188
 3158 3189 3159 3190 3160 3191 3161 3192 3162 3193
 3163 3194 3164 3195 3165 3196 3166 3197 3167 3198
 3168 352 3169 3200 3170 3201 3171 3202 3172 3203
 3173 3204 3174 3205 3175 3206 3176 3207 3177 3208
 3178 3209 3179 3210 3180 3211 3181 3212 3182 3213
 3183 3214 3184 3215 3185 3216 3186 3217 3187 3218
 3188 3219 3189 3220 3190 3221 3191 3222 3192 3223
 3193 3224 3194 3225 3195 3226 3196 3227 3197 3228
 3198 3229 3199 3230 3200 320 3201 3232 3202 3233
 3203 3234 3204 3235 3205 3236 3206 3237 3207 3238
 3208 3239 3209 3240 3210 3241 3211 3242 3212 3243
 3213 3244 3214 3245 3215 3246 3216 3247 3217 3248
 3218 3249 3219 3250 3220 3251 3221 3252 3222 3253
 3223 3254 3224 3255 3225 3256 3226 3257 3227 3258
 3228 3259 3229 3260 3230 3261 3231 3262 3232 288
 3233 3264 3234 3265 3235 3266 3236 3267 3237 3268
 3238 3269 3239 3270 3240 3271 3241 3272 3242 3273
 3243 3274 3244 3275 3245 3276 3246 3277 3247 3278
 3248 3279 3249 3280 3250 3281 3251 3282 3252 3283
 3253 3284 3254 3285 3255 3286 3256 3287 3257 3288
 3258 3289 3259 3290 3260 3291 3261 3292 3262 3293
 3263 3294 3264 256 3265 3296 3266 3297 3267 3298
 3268 3299 3269 3300 3270 3301 3271 3302 3272 3303
 3273 3304 3274 3305 3275 3306 3276 3307 3277 3308
 3278 3309 3279 3310 3280 3311 3281 3312 3282 3313
 3283 3314 3284 3315 3285 3316 3286 3317 3287 3318
 3288 3319 3289 3320 3290 3321 3291 3322 3292 3323
 3293 3324 3294 3325 3295 3326 3296 224 3297 3328
 3298 3329 3299 3330 3300 3331 3301 3332 3302 3333
 3303 3334 3304 3335 3305 3336 3306 3337 3307 3338
 3308 3339 3309 3340 3310 3341 3311 3342 3312 3343
 3313 3344 3314 3345 3315 3346 3316 3347 3317 3348
 3318 3349 3319 3350 3320 3351 3321 3352 3322 3353
 3323 3354 3324 3355 3325 3356 3326 3357 3327 3358
 3328 192 3329 3360 3330 3361 3331 3362 3332 3363
 3333 3364 3334 3365 3335 3366 3336 3367 3337 3368
 3338 3369 3339 3370 3340 3371 3341 3372 3342 3373
 3343 3374 3344 3375 3345 3376 3346 3377 3347 3378
 3348 3379 3349 3380 3350 3381 3351 3382 3352 3383
 3353 3384 3354 3385 3355 3386 3356 3387 3357 3388
 3358 3389 3359 3390 3360 160 3361 3392 3362 3393
 3363 3394 3364 3395 3365 3396 3366 3397 3367 3398
 3368 3399 3369 3400 3370 3401 3371 3402 3372 3403
 3373 3404 3374 3405 3375 3406 3376 3407 3377 3408
 3378 3409 3379 3410 3380 3411 3381 3412 3382 3413
 3383 3414 3384 3415 3385 3416 3386 3417 3387 3418
 3388 3419 3389 3420 3390 3421 3391 3422 3392 128
 3393 3424 3394 3425 3395 3426 3396 3427 3397 3428
 3398 3429 3399 3430 3400 3431 3401 3432 3402 3433
 3403 3434 3404 3435 3405 3436 3406 3437 3407 3438
 3408 3439 3409 3440 3410 3441 3411 3442 3412 3443
 3413 3444 3414 3445 3415 3446 3416 3447 3417 3448
 3418 3449 3419 3450 3420 3451 3421 3452 3422 3453
 3423 3454 3424 96 3425 3456 3426 3457 3427 3458
 3428 3459 3429 3460 3430 3461 3431 3462 3432 3463
 3433 3464 3434 3465 3435 3466 3436 3467 3437 3468
 3438 3469 3439 3470 3440 3471 3441 3472 3442 3473
 3443 3474 3444 3475 3445 3476 3446 3477 3447 3478
 3448 3479 3449 3480 3450 3481 3451 3482 3452 3483
 3453 3484 3454 3485 3455 3486 3456 64 3457 3488
 3458 3489 3459 3490 3460 3491 3461 3492 3462 3493
 3463 3494 3464 3495 3465 3496 3466 3497 3467 3498
 3468 3499 3469 3500 3470 3501 3471 3502 3472 3503
 3473 3504 3474 3505 3475 3506 3476 3507 3477 3508
 3478 3509 3479 3510 3480 3511 3481 3512 3482 3513
 3483 3514 3484 3515 3485 3516 3486 3517 3487 3518
 3488 32 3489 3520 3490 3521 3491 3522 3492 3523
 3493 3524 3494 3525 3495 3526 3496 3527 3497 3528
 3498 3529 3499 3530 3500 3531 3501 3532 3502 3533
 3503 3534 3504 3535 3505 3536 3506 3537 3507 3538
 3508 3539 3509 3540 3510 3541 3511 3542 3512 3543
 3513 3544 3514 3545 3515 3546 3516 3547 3517 3548
 3518 3549 3519 3550 3520 0 3521 3552 3522 3553
 3523 3554 3524 3555 3525 3556 3526 3557 3527 3558
 3528 3559 3529 3560 3530 3561 3531 3562 3532 3563
 3533 3564 3534 3565 3535 3566 3536 3567 3537 3568
 3538 3569 3539 3570 3540 3571 3541 3572 3542 3573
 3543 3574 3544 3575 3545 3576 3546 3577 3547 3578
 3548 3579 3549 3580 3550 3581 3551 3582 0 3552
 1 2 3 4 5 6 7 8 9 10
 11 12 13 14 15 16 17 18 19 20
 21 22 23 24 25 26 27 28 29 30
 31 32 3520 33 34 35 36 37 38 39
 40 41 42 43 44 45 46 47 48 49
 50 51 52 53 54 55 56 57 58 59
 60 61 62 63 64 3488 65 66 67 68
 69 70 71 72 73 74 75 76 77 78
 79 80 81 82 83 84 85 86 87 88
 89 90 91 92 93 94 95 96 3456 97
 98 99 100 101 102 103 104 105 106 107
 108 109 110 111 112 113 114 115 116 117
 118 119 120 121 122 123 124 125 126 127
 128 3424 129 130 131 132 133 134 135 136
 137 138 139 140 141 142 143 144 145 146
 147 148 149 150 151 152 153 154 155 156
 157 158 159 160 3392 161 162 163 164 165
 166 167 168 169 170 171 172 173 174 175
 176 177 178 179 180 181 182 183 184 185
 186 187 188 189 190 191 192 3360 193 194
 195 196 197 198 199 200 201 202 203 204
 205 206 207 208 209 210 211 212 213 214
 215 216 217 218 219 220 221 222 223 224
 3328 225 226 227 228 229 230 231 232 233
 234 235 236 237 238 239 240 241 242 243
 244 245 246 247 248 249 250 251 252 253
 254 255 256 3296 257 258 259 260 261 262
 263 264 265 266 267 268 269 270 271 272
 273 274 275 276 277 278 279 280 281 282
 283 284 285 286 287 288 3264 289 290 291
 292 293 294 295 296 297 298 299 300 301
 302 303 304 305 306 307 308 309 310 311
 312 313 314 315 316 317 318 319 320 3232
 321 322 323 324 325 326 327 328 329 330
 331 332 333 334 335 336 337 338 339 340
 341 342 343 344 345 346 347 348 349 350
 351 352 3200 353 354 355 356 357 358 359
 360 361 362 363 364 365 366 367 368 369
 370 371 372 373 374 375 376 377 378 379
 380 381 382 383 384 3168 385 386 387 388
 389 390 391 392 393 394 395 396 397 398
 399 400 401 402 403 404 405 406 407 408
 409 410 411 412 413 414 415 416 3136 417
 418 419 420 421 422 423 424 425 426 427
 428 429 430 431 432 433 434 435 436 437
 438 439 440 441 442 443 444 445 446 447
 448 3104 449 450 451 452 453 454 455 456
 457 458 459 460 461 462 463 464 465 466
 467 468 469 470 471 472 473 474 475 476
 477 478 479 480 3072 481 482 483 484 485
 486 487 488 489 490 491 492 493 494 495
 496 497 498 499 500 501 502 503 504 505
 506 507 508 509 510 511 512 3040 513 514
 515 516 517 518 519 520 521 522 523 524
 525 526 527 528 529 530 531 532 533 534
 535 536 537 538 539 540 541 542 543 544
 3008 545 546 547 548 549 550 551 552 553
 554 555 556 557 558 559 560 561 562 563
 564 565 566 567 568 569 570 571 572 573
 574 575 576 2976 577 578 579 580 581 582
 583 584 585 586 587 588 589 590 591 592
 593 594 595 596 597 598 599 600 601 602
 603 604 605 606 607 608 2944 609 610 611
 612 613 614 615 616 617 618 619 620 621
 622 623 624 625 626 627 628 629 630 631
 632 633 634 635 636 637 638 639 640 2912
 641 642 643 644 645 646 647 648 649 650
 651 652 653 654 655 656 657 658 659 660
 661 662 663 664 665 666 667 668 669 670
 671 672 2880 673 674 675 676 677 678 679
 680 681 682 683 684 685 686 687 688 689
 690 691 692 693 694 695 696 697 698 699
 700 701 702 703 704 2848 705 706 707 708
 709 710 711 712 713 714 715 716 717 718
 719 720 721 722 723 724 725 726 727 728
 729 730 731 732 733 734 735 736 2816 737
 738 739 740 741 742 743 744 745 746 747
 748 749 750 751 752 753 754 755 756 757
 758 759 760 761 762 763 764 765 766 767
 768 2784 769 770 771 772 773 774 775 776
 777 778 779 780 781 782 783 784 785 786
 787 788 789 790 791 792 793 794 795 796
 797 798 799 800 801 802 803 804 805 806
 807 808 809 810 811 812 813 814 815 816
 817 818 819 820 821 822 823 824 825 826
 827 828 829 830 831 832 833 834 835 836
 837 838 839 840 841 842 843 844 845 846
 847 848 849 850 851 852 853 854 855 856
 857 858 859 860 861 862 863 864 865 866
 867 868 869 870 871 872 873 874 875 876
 877 878 879 880 881 882 883 884 885 886
 887 888 889 890 891 892 893 894 895 896
 897 898 899 900 901 902 903 904 905 906
 907 908 909 910 911 912 913 914 915 916
 917 918 919 920 921 922 923 924 925 926
 927 928 929 930 931 932 933 934 935 936
 937 938 939 940 941 942 943 944 945 946
 947 948 949 950 951 952 953 954 955 956
 957 958 959 960 961 962 963 964 965 966
 967 968 969 970 971 972 973 974 975 976
 977 978 979 980 981 982 983 984 985 986
 987 988 989 990 991 992 993 994 995 996
 997 998 999 1000 1001 1002 1003 1004 1005 1006
 1007 1008 1009 1010 1011 1012 1013 1014 1015 1016
 1017 1018 1019 1020 1021 1022 1023 1024 1025 1026
 1027 1028 1029 1030 1031 1032 1033 1034 1035 1036
 1037 1038 1039 1040 1041 1042 1043 1044 1045 1046
 1047 1048 1049 1050 1051 1052 1053 1054 1055 1056
 1057 1058 1059 1060 1061 1062 1063 1064 1065 1066
 1067 1068 1069 1070 1071 1072 1073 1074 1075 1076
 1077 1078 1079 1080 1081 1082 1083 1084 1085 1086
 1087 1088 1089 1090 1091 1092 1093 1094 1095 1096
 1097 1098 1099 1100 1101 1102 1103 1104 1105 1106
 1107 1108 1109 1110 1111 1112 1113 1114 1115 1116
 1117 1118 1119 1120 1121 1122 1123 1124 1125 1126
 1127 1128 1129 1130 1131 1132 1133 1134 1135 1136
 1137 1138 1139 1140 1141 1142 1143 1144 1145 1146
 1147 1148 1149 1150 1151 1152 1153 1154 1155 1156
 1157 1158 1159 1160 1161 1162 1163 1164 1165 1166
 1167 1168 1169 1170 1171 1172 1173 1174 1175 1176
 1177 1178 1179 1180 1181 1182 1183 1184 1185 1186
 1187 1188 1189 1190 1191 1192 1193 1194 1195 1196
 1197 1198 1199 1200 1201 1202 1203 1204 1205 1206
 1207 1208 1209 1210 1211 1212 1213 1214 1215 1216
 1217 1218 1219 1220 1221 1222 1223 1224 1225 1226
 1227 1228 1229 1230 1231 1232 1233 1234 1235 1236
 1237 1238 1239 1240 1241 1242 1243 1244 1245 1246
 1247 1248 1249 1250 1251 1252 1253 1254 1255 1256
 1257 1258 1259 1260 1261 1262 1263 1264 1265 1266
 1267 1268 1269 1270 1271 1272 1273 1274 1275 1276
 1277 1278 1279 1280 1281 1282 1283 1284 1285 1286
 1287 1288 1289 1290 1291 1292 1293 1294 1295 1296
 1297 1298 1299 1300 1301 1302 1303 1304 1305 1306
 1307 1308 1309 1310 1311 1312 1313 1314 1315 1316
 1317 1318 1319 1320 1321 1322 1323 1324 1325 1326
 1327 1328 1329 1330 1331 1332 1333 1334 1335 1336
 1337 1338 1339 1340 1341 1342 1343 1344 1345 1346
 1347 1348 1349 1350 1351 1352 1353 1354 1355 1356
 1357 1358 1359 1360 1361 1362 1363 1364 1365 1366
 1367 1368 1369 1370 1371 1372 1373 1374 1375 1376
 1377 1378 1379 1380 1381 1382 1383 1384 1385 1386
 1387 1388 1389 1390 1391 1392 1393 1394 1395 1396
 1397 1398 1399 1400 1401 1402 1403 1404 1405 1406
 1407 1408 1409 1410 1411 1412 1413 1414 1415 1416
 1417 1418 1419 1420 1421 1422 1423 1424 1425 1426
 1427 1428 1429 1430 1431 1432 1433 1434 1435 1436
 1437 1438 1439 1440 1441 1442 1443 1444 1445 1446
 1447 1448 1449 1450 1451 1452 1453 1454 1455 1456
 1457 1458 1459 1460 1461 1462 1463 1464 1465 1466
 1467 1468 1469 1470 1471 1472 1473 1474 1475 1476
 1477 1478 1479 1480 1481 1482 1483 1484 1485 1486
 1487 1488 1489 1490 1491 1492 1493 1494 1495 1496
 1497 1498 1499 1500 1501 1502 1503 1504 1505 1506
 1507 1508 1509 1510 1511 1512 1513 1514 1515 1516
 1517 1518 1519 1520 1521 1522 1523 1524 1525 1526
 1527 1528 1529 1530 1531 1532 1533 1534 1535 1536
 1537 1538 1539 1540 1541 1542 1543 1544 1545 1546
 1547 1548 1549 1550 1551 1552 1553 1554 1555 1556
 1557 1558 1559 1560 1561 1562 1563 1564 1565 1566
 1567 1568 1569 1570 1571 1572 1573 1574 1575 1576
 1577 1578 1579 1580 1581 1582 1583 1584 1585 1586
 1587 1588 1589 1590 1591 1592 1593 1594 1595 1596
 1597 1598 1599 1600 1601 1602 1603 1604 1605 1606
 1607 1608 1609 1610 1611 1612 1613 1614 1615 1616
 1617 1618 1619 1620 1621 1622 1623 1624 1625 1626
 1627 1628 1629 1630 1631 1632 1633 1634 1635 1636
 1637 1638 1639 1640 1641 1642 1643 1644 1645 1646
 1647 1648 1649 1650 1651 1652 1653 1654 1655 1656
 1657 1658 1659 1660 1661 1662 1663 1664 1665 1666
 1667 1668 1669 1670 1671 1672 1673 1674 1675 1676
 1677 1678 1679 1680 1681 1682 1683 1684 1685 1686
 1687 1688 1689 1690 1691 1692 1693 1694 1695 1696
 1697 1698 1699 1700 1701 1702 1703 1704 1705 1706
 1707 1708 1709 1710 1711 1712 1713 1714 1715 1716
 1717 1718 1719 1720 1721 1722 1723 1724 1725 1726
 1727 1728 1729 1730 1731 1732 1733 1734 1735 1736
 1737 1738 1739 1740 1741 1742 1743 1744 1745 1746
 1747 1748 1749 1750 1751 1752 1753 1754 1755 1756
 1757 1758 1759 1760 1761 1762 1763 1764 1765 1766
 1767 1768 1769 1770 1771 1772 1773 1774 1775 1776
 1777 1778 1779 1780 1781 1782 1783 1784 1785 1786
 1787 1788 1789 1790 1791 1792 1793 1794 1795 1796
 1797 1798 1799 1800 1801 1802 1803 1804 1805 1806
 1807 1808 1809 1810 1811 1812 1813 1814 1815 1816
 1817 1818 1819 1820 1821 1822 1823 1824 1825 1826
 1827 1828 1829 1830 1831 1832 1833 1834 1835 1836
 1837 1838 1839 1840 1841 1842 1843 1844 1845 1846
 1847 1848 1849 1850 1851 1852 1853 1854 1855 1856
 1857 1858 1859 1860 1861 1862 1863 1864 1865 1866
 1867 1868 1869 1870 1871 1872 1873 1874 1875 1876
 1877 1878 1879 1880 1881 1882 1883 1884 1885 1886
 1887 1888 1889 1890 1891 1892 1893 1894 1895 1896
 1897 1898 1899 1900 1901 1902 1903 1904 1905 1906
 1907 1908 1909 1910 1911 1912 1913 1914 1915 1916
 1917 1918 1919 1920 1921 1922 1923 1924 1925 1926
 1927 1928 1929 1930 1931 1932 1933 1934 1935 1936
 1937 1938 1939 1940 1941 1942 1943 1944 1945 1946
 1947 1948 1949 1950 1951 1952 1953 1954 1955 1956
 1957 1958 1959 1960 1961 1962 1963 1964 1965 1966
 1967 1968 1969 1970 1971 1972 1973 1974 1975 1976
 1977 1978 1979 1980 1981 1982 1983 1984 1985 1986
 1987 1988 1989 1990 1991 1992 1993 1994 1995 1996
 1997 1998 1999 2000 2001 2002 2003 2004 2005 2006
 2007 2008 2009 2010 2011 2012 2013 2014 2015 2016
 2017 2018 2019 2020 2021 2022 2023 2024 2025 2026
 2027 2028 2029 2030 2031 2032 2033 2034 2035 2036
 2037 2038 2039 2040 2041 2042 2043 2044 2045 2046
 2047 2048 2049 2050 2051 2052 2053 2054 2055 2056
 2057 2058 2059 2060 2061 2062 2063 2064 2065 2066
 2067 2068 2069 2070 2071 2072 2073 2074 2075 2076
 2077 2078 2079 2080 2081 2082 2083 2084 2085 2086
 2087 2088 2089 2090 2091 2092 2093 2094 2095 2096
 2097 2098 2099 2100 2101 2102 2103 2104 2105 2106
 2107 2108 2109 2110 2111 2112 2113 2114 2115 2116
 2117 2118 2119 2120 2121 2122 2123 2124 2125 2126
 2127 2128 2129 2130 2131 2132 2133 2134 2135 2136
 2137 2138 2139 2140 2141 2142 2143 2144 2145 2146
 2147 2148 2149 2150 2151 2152 2153 2154 2155 2156
 2157 2158 2159 2160 2161 2162 2163 2164 2165 2166
 2167 2168 2169 2170 2171 2172 2173 2174 2175 2176
 2177 2178 2179 2180 2181 2182 2183 2184 2185 2186
 2187 2188 2189 2190 2191 2192 2193 2194 2195 2196
 2197 2198 2199 2200 2201 2202 2203 2204 2205 2206
 2207 2208 2209 2210 2211 2212 2213 2214 2215 2216
 2217 2218 2219 2220 2221 2222 2223 2224 2225 2226
 2227 2228 2229 2230 2231 2232 2233 2234 2235 2236
 2237 2238 2239 2240 2241 2242 2243 2244 2245 2246
 2247 2248 2249 2250 2251 2252 2253 2254 2255 2256
 2257 2258 2259 2260 2261 2262 2263 2264 2265 2266
 2267 2268 2269 2270 2271 2272 2273 2274 2275 2276
 2277 2278 2279 2280 2281 2282 2283 2284 2285 2286
 2287 2288 2289 2290 2291 2292 2293 2294 2295 2296
 2297 2298 2299 2300 2301 2302 2303 2304 2305 2306
 2307 2308 2309 2310 2311 2312 2313 2314 2315 2316
 2317 2318 2319 2320 2321 2322 2323 2324 2325 2326
 2327 2328 2329 2330 2331 2332 2333 2334 2335 2336
 2337 2338 2339 2340 2341 2342 2343 2344 2345 2346
 2347 2348 2349 2350 2351 2352 2353 2354 2355 2356
 2357 2358 2359 2360 2361 2362 2363 2364 2365 2366
 2367 2368 2369 2370 2371 2372 2373 2374 2375 2376
 2377 2378 2379 2380 2381 2382 2383 2384 2385 2386
 2387 2388 2389 2390 2391 2392 2393 2394 2395 2396
 2397 2398 2399 2400 2401 2402 2403 2404 2405 2406
 2407 2408 2409 2410 2411 2412 2413 2414 2415 2416
 2417 2418 2419 2420 2421 2422 2423 2424 2425 2426
 2427 2428 2429 2430 2431 2432 2433 2434 2435 2436
 2437 2438 2439 2440 2441 2442 2443 2444 2445 2446
 2447 2448 2449 2450 2451 2452 2453 2454 2455 2456
 2457 2458 2459 2460 2461 2462 2463 2464 2465 2466
 2467 2468 2469 2470 2471 2472 2473 2474 2475 2476
 2477 2478 2479 2480 2481 2482 2483 2484 2485 2486
 2487 2488 2489 2490 2491 2492 2493 2494 2495 2496
 2497 2498 2499 2500 2501 2502 2503 2504 2505 2506
 2507 2508 2509 2510 2511 2512 2513 2514 2515 2516
 2517 2518 2519 2520 2521 2522 2523 2524 2525 2526
 2527 2528 2529 2530 2531 2532 2533 2534 2535 2536
 2537 2538 2539 2540 2541 2542 2543 2544 2545 2546
 2547 2548 2549 2550 2551 2552 2553 2554 2555 2556
 2557 2558 2559 2560 2561 2562 2563 2564 2565 2566
 2567 2568 2569 2570 2571 2572 2573 2574 2575 2576
 2577 2578 2579 2580 2581 2582 2583 2584 2585 2586
 2587 2588 2589 2590 2591 2592 2593 2594 2595 2596
 2597 2598 2599 2600 2601 2602 2603 2604 2605 2606
 2607 2608 2609 2610 2611 2612 2613 2614 2615 2616
 2617 2618 2619 2620 2621 2622 2623 2624 2625 2626
 2627 2628 2629 2630 2631 2632 2633 2634 2635 2636
 2637 2638 2639 2640 2641 2642 2643 2644 2645 2646
 2647 2648 2649 2650 2651 2652 2653 2654 2655 2656
 2657 2658 2659 2660 2661 2662 2663 2664 2665 2666
 2667 2668 2669 2670 2671 2672 2673 2674 2675 2676
 2677 2678 2679 2680 2681 2682 2683 2684 2685 2686
 2687 2688 2689 2690 2691 2692 2693 2694 2695 2696
 2697 2698 2699 2700 2701 2702 2703 2704 2705 2706
 2707 2708 2709 2710 2711 2712 2713 2714 2715 2716
 2717 2718 2719 2720 2721 2722 2723 2724 2725 2726
 2727 2728 2729 2730 2731 2732 2733 2734 2735 2736
 2737 2738 2739 2740 2741 2742 2743 2744 2745 2746
 2747 2748 2749 2750 2751 2752 2753 2754 2755 2756
 2757 2758 2759 2760 2761 2762 2763 2764 2765 2766
 2767 2768 2769 2770 2771 2772 2773 2774 2775 2776
 2777 2778 2779 2780 2781 2782 2783 2785 2786 2787
 2788 2789 2790 2791 2792 2793 2794 2795 2796 2797
 2798 2799 2800 2801 2802 2803 2804 2805 2806 2807
 2808 2809 2810 2811 2812 2813 2814 2815 2817 2818
 2819 2820 2821 2822 2823 2824 2825 2826 2827 2828
 2829 2830 2831 2832 2833 2834 2835 2836 2837 2838
 2839 2840 2841 2842 2843 2844 2845 2846 2847 2849
 2850 2851 2852 2853 2854 2855 2856 2857 2858 2859
 2860 2861 2862 2863 2864 2865 2866 2867 2868 2869
 2870 2871 2872 2873 2874 2875 2876 2877 2878 2879
 2881 2882 2883 2884 2885 2886 2887 2888 2889 2890
 2891 2892 2893 2894 2895 2896 2897 2898 2899 2900
 2901 2902 2903 2904 2905 2906 2907 2908 2909 2910
 2911 2913 2914 2915 2916 2917 2918 2919 2920 2921
 2922 2923 2924 2925 2926 2927 2928 2929 2930 2931
 2932 2933 2934 2935 2936 2937 2938 2939 2940 2941
 2942 2943 2945 2946 2947 2948 2949 2950 2951 2952
 2953 2954 2955 2956 2957 2958 2959 2960 2961 2962
 2963 2964 2965 2966 2967 2968 2969 2970 2971 2972
 2973 2974 2975 2977 2978 2979 2980 2981 2982 2983
 2984 2985 2986 2987 2988 2989 2990 2991 2992 2993
 2994 2995 2996 2997 2998 2999 3000 3001 3002 3003
 3004 3005 3006 3007 3009 3010 3011 3012 3013 3014
 3015 3016 3017 3018 3019 3020 3021 3022 3023 3024
 3025 3026 3027 3028 3029 3030 3031 3032 3033 3034
 3035 3036 3037 3038 3039 3041 3042 3043 3044 3045
 3046 3047 3048 3049 3050 3051 3052 3053 3054 3055
 3056 3057 3058 3059 3060 3061 3062 3063 3064 3065
 3066 3067 3068 3069 3070 3071 3073 3074 3075 3076
 3077 3078 3079 3080 3081 3082 3083 3084 3085 3086
 3087 3088 3089 3090 3091 3092 3093 3094 3095 3096
 3097 3098 3099 3100 3101 3102 3103 3105 3106 3107
 3108 3109 3110 3111 3112 3113 3114 3115 3116 3117
 3118 3119 3120 3121 3122 3123 3124 3125 3126 3127
 3128 3129 3130 3131 3132 3133 3134 3135 3137 3138
 3139 3140 3141 3142 3143 3144 3145 3146 3147 3148
 3149 3150 3151 3152 3153 3154 3155 3156 3157 3158
 3159 3160 3161 3162 3163 3164 3165 3166 3167 3169
 3170 3171 3172 3173 3174 3175 3176 3177 3178 3179
 3180 3181 3182 3183 3184 3185 3186 3187 3188 3189
 3190 3191 3192 3193 3194 3195 3196 3197 3198 3199
 3201 3202 3203 3204 3205 3206 3207 3208 3209 3210
 3211 3212 3213 3214 3215 3216 3217 3218 3219 3220
 3221 3222 3223 3224 3225 3226 3227 3228 3229 3230
 3231 3233 3234 3235 3236 3237 3238 3239 3240 3241
 3242 3243 3244 3245 3246 3247 3248 3249 3250 3251
 3252 3253 3254 3255 3256 3257 3258 3259 3260 3261
 3262 3263 3265 3266 3267 3268 3269 3270 3271 3272
 3273 3274 3275 3276 3277 3278 3279 3280 3281 3282
 3283 3284 3285 3286 3287 3288 3289 3290 3291 3292
 3293 3294 3295 3297 3298 3299 3300 3301 3302 3303
 3304 3305 3306 3307 3308 3309 3310 3311 3312 3313
 3314 3315 3316 3317 3318 3319 3320 3321 3322 3323
 3324 3325 3326 3327 3329 3330 3331 3332 3333 3334
 3335 3336 3337 3338 3339 3340 3341 3342 3343 3344
 3345 3346 3347 3348 3349 3350 3351 3352 3353 3354
 3355 3356 3357 3358 3359 3361 3362 3363 3364 3365
 3366 3367 3368 3369 3370 3371 3372 3373 3374 3375
 3376 3377 3378 3379 3380 3381 3382 3383 3384 3385
 3386 3387 3388 3389 3390 3391 3393 3394 3395 3396
 3397 3398 3399 3400 3401 3402 3403 3404 3405 3406
 3407 3408 3409 3410 3411 3412 3413 3414 3415 3416
 3417 3418 3419 3420 3421 3422 3423 3425 3426 3427
 3428 3429 3430 3431 3432 3433 3434 3435 3436 3437
 3438 3439 3440 3441 3442 3443 3444 3445 3446 3447
 3448 3449 3450 3451 3452 3453 3454 3455 3457 3458
 3459 3460 3461 3462 3463 3464 3465 3466 3467 3468
 3469 3470 3471 3472 3473 3474 3475 3476 3477 3478
 3479 3480 3481 3482 3483 3484 3485 3486 3487 3489
 3490 3491 3492 3493 3494 3495 3496 3497 3498 3499
 3500 3501 3502 3503 3504 3505 3506 3507 3508 3509
 3510 3511 3512 3513 3514 3515 3516 3517 3518 3519
 3521 3522 3523 3524 3525 3526 3527 3528 3529 3530
 3531 3532 3533 3534 3535 3536 3537 3538 3539 3540
 3541 3542 3543 3544 3545 3546 3547 3548 3549 3550
 3551 3553 3554 3555 3556 3557 3558 3559 3560 3561
 3562 3563 3564 3565 3566 3567 3568 3569 3570 3571
 3572 3573 3574 3575 3576 3577 3578 3579 3580 3581
 3582 3583 0 1 32 3552 2 33 64 3520
 3553 3 34 65 96 3488 3521 3554 4 35
 66 97 128 3456 3489 3522 3555 5 36 67
 98 129 160 3424 3457 3490 3523 3556 6 37
 68 99 130 161 192 3392 3425 3458 3491 3524
 3557 7 38 69 100 131 162 193 224 3360
 3393 3426 3459 3492 3525 3558 8 39 70 101
 132 163 194 225 256 3328 3361 3394 3427 3460
 3493 3526 3559 9 40 71 102 133 164 195
 226 257 288 3296 3329 3362 3395 3428 3461 3494
 3527 3560 10 41 72 103 134 165 196 227
 258 289 320 3264 3297 3330 3363 3396 3429 3462
 3495 3528 3561 11 42 73 104 135 166 197
 228 259 290 321 352 3232 3265 3298 3331 3364
 3397 3430 3463 3496 3529 3562 12 43 74 105
 136 167 198 229 260 291 322 353 384 3200
 3233 3266 3299 3332 3365 3398 3431 3464 3497 3530
 3563 13 44 75 106 137 168 199 230 261
 292 323 354 385 416 3168 3201 3234 3267 3300
 3333 3366 3399 3432 3465 3498 3531 3564 14 45
 76 107 138 169 200 231 262 293 324 355
 386 417 448 3136 3169 3202 3235 3268 3301 3334
 3367 3400 3433 3466 3499 3532 3565 15 46 77
 108 139 170 201 232 263 294 325 356 387
 418 449 480 3104 3137 3170 3203 3236 3269 3302
 3335 3368 3401 3434 3467 3500 3533 3566 16 47
 78 109 140 171 202 233 264 295 326 357
 388 419 450 481 512 3072 3105 3138 3171 3204
 3237 3270 3303 3336 3369 3402 3435 3468 3501 3534
 3567 17 48 79 110 141 172 203 234 265
 296 327 358 389 420 451 482 513 544 3040
 3073 3106 3139 3172 3205 3238 3271 3304 3337 3370
 3403 3436 3469 3502 3535 3568 18 49 80 111
 142 173 204 235 266 297 328 359 390 421
 452 483 514 545 576 3008 3041 3074 3107 3140
 3173 3206 3239 3272 3305 3338 3371 3404 3437 3470
 3503 3536 3569 19 50 81 112 143 174 205
 236 267 298 329 360 391 422 453 484 515
 546 577 608 2976 3009 3042 3075 3108 3141 3174
 3207 3240 3273 3306 3339 3372 3405 3438 3471 3504
 3537 3570 20 51 82 113 144 175 206 237
 268 299 330 361 392 423 454 485 516 547
 578 609 640 2944 2977 3010 3043 3076 3109 3142
 3175 3208 3241 3274 3307 3340 3373 3406 3439 3472
 3505 3538 3571 21 52 83 114 145 176 207
 238 269 300 331 362 393 424 455 486 517
 548 579 610 641 672 2912 2945 2978 3011 3044
 3077 3110 3143 3176 3209 3242 3275 3308 3341 3374
 3407 3440 3473 3506 3539 3572 22 53 84 115
 146 177 208 239 270 301 332 363 394 425
 456 487 518 549 580 611 642 673 704 2880
 2913 2946 2979 3012 3045 3078 3111 3144 3177 3210
 3243 3276 3309 3342 3375 3408 3441 3474 3507 3540
 3573 23 54 85 116 147 178 209 240 271
 302 333 364 395 426 457 488 519 550 581
 612 643 674 705 736 2848 2881 2914 2947 2980
 3013 3046 3079 3112 3145 3178 3211 3244 3277 3310
 3343 3376 3409 3442 3475 3508 3541 3574 24 55
 86 117 148 179 210 241 272 303 334 365
 396 427 458 489 520 551 582 613 644 675
 706 737 768 2816 2849 2882 2915 2948 2981 3014
 3047 3080 3113 3146 3179 3212 3245 3278 3311 3344
 3377 3410 3443 3476 3509 3542 3575 25 56 87
 118 149 180 211 242 273 304 335 366 397
 428 459 490 521 552 583 614 645 676 707
 738 769 800 2784 2817 2850 2883 2916 2949 2982
 3015 3048 3081 3114 3147 3180 3213 3246 3279 3312
 3345 3378 3411 3444 3477 3510 3543 3576 26 57
 88 119 150 181 212 243 274 305 336 367
 398 429 460 491 522 553 584 615 646 677
 708 739 770 801 832 2752 2785 2818 2851 2884
 2917 2950 2983 3016 3049 3082 3115 3148 3181 3214
 3247 3280 3313 3346 3379 3412 3445 3478 3511 3544
 3577 27 58 89 120 151 182 213 244 275
 306 337 368 399 430 461 492 523 554 585
 616 647 678 709 740 771 802 833 864 2720
 2753 2786 2819 2852 2885 2918 2951 2984 3017 3050
 3083 3116 3149 3182 3215 3248 3281 3314 3347 3380
 3413 3446 3479 3512 3545 3578 28 59 90 121
 152 183 214 245 276 307 338 369 400 431
 462 493 524 555 586 617 648 679 710 741
 772 803 834 865 896 2688 2721 2754 2787 2820
 2853 2886 2919 2952 2985 3018 3051 3084 3117 3150
 3183 3216 3249 3282 3315 3348 3381 3414 3447 3480
 3513 3546 3579 29 60 91 122 153 184 215
 246 277 308 339 370 401 432 463 494 525
 556 587 618 649 680 711 742 773 804 835
 866 897 928 2656 2689 2722 2755 2788 2821 2854
 2887 2920 2953 2986 3019 3052 3085 3118 3151 3184
 3217 3250 3283 3316 3349 3382 3415 3448 3481 3514
 3547 3580 30 61 92 123 154 185 216 247
 278 309 340 371 402 433 464 495 526 557
 588 619 650 681 712 743 774 805 836 867
 898 929 960 2624 2657 2690 2723 2756 2789 2822
 2855 2888 2921 2954 2987 3020 3053 3086 3119 3152
 3185 3218 3251 3284 3317 3350 3383 3416 3449 3482
 3515 3548 3581 31 62 93 124 155 186 217
 248 279 310 341 372 403 434 465 496 527
 558 589 620 651 682 713 744 775 806 837
 868 899 930 961 992 2592 2625 2658 2691 2724
 2757 2790 2823 2856 2889 2922 2955 2988 3021 3054
 3087 3120 3153 3186 3219 3252 3285 3318 3351 3384
 3417 3450 3483 3516 3549 3582 63 94 125 156
 187 218 249 280 311 342 373 404 435 466
 497 528 559 590 621 652 683 714 745 776
 807 838 869 900 931 962 993 1024 2560 2593
 2626 2659 2692 2725 2758 2791 2824 2857 2890 2923
 2956 2989 3022 3055 3088 3121 3154 3187 3220 3253
 3286 3319 3352 3385 3418 3451 3484 3517 3550 3583
 95 126 157 188 219 250 281 312 343 374
 405 436 467 498 529 560 591 622 653 684
 715 746 777 808 839 870 901 932 963 994
 1025 1056 2528 2561 2594 2627 2660 2693 2726 2759
 2792 2825 2858 2891 2924 2957 2990 3023 3056 3089
 3122 3155 3188 3221 3254 3287 3320 3353 3386 3419
 3452 3485 3518 3551 127 158 189 220 251 282
 313 344 375 406 437 468 499 530 561 592
 623 654 685 716 747 778 809 840 871 902
 933 964 995 1026 1057 1088 2496 2529 2562 2595
 2628 2661 2694 2727 2760 2793 2826 2859 2892 2925
 2958 2991 3024 3057 3090 3123 3156 3189 3222 3255
 3288 3321 3354 3387 3420 3453 3486 3519 159 190
 221 252 283 314 345 376 407 438 469 500
 531 562 593 624 655 686 717 748 779 810
 841 872 903 934 965 996 1027 1058 1089 1120
 2464 2497 2530 2563 2596 2629 2662 2695 2728 2761
 2794 2827 2860 2893 2926 2959 2992 3025 3058 3091
 3124 3157 3190 3223 3256 3289 3322 3355 3388 3421
 3454 3487 191 222 253 284 315 346 377 408
 439 470 501 532 563 594 625 656 687 718
 749 780 811 842 873 904 935 966 997 1028
 1059 1090 1121 1152 2432 2465 2498 2531 2564 2597
 2630 2663 2696 2729 2762 2795 2828 2861 2894 2927
 2960 2993 3026 3059 3092 3125 3158 3191 3224 3257
 3290 3323 3356 3389 3422 3455 223 254 285 316
 347 378 409 440 471 502 533 564 595 626
 657 688 719 750 781 812 843 874 905 936
 967 998 1029 1060 1091 1122 1153 1184 2400 2433
 2466 2499 2532 2565 2598 2631 2664 2697 2730 2763
 2796 2829 2862 2895 2928 2961 2994 3027 3060 3093
 3126 3159 3192 3225 3258 3291 3324 3357 3390 3423
 255 286 317 348 379 410 441 472 503 534
 565 596 627 658 689 720 751 782 813 844
 875 906 937 968 999 1030 1061 1092 1123 1154
 1185 1216 2368 2401 2434 2467 2500 2533 2566 2599
 2632 2665 2698 2731 2764 2797 2830 2863 2896 2929
 2962 2995 3028 3061 3094 3127 3160 3193 3226 3259
 3292 3325 3358 3391 287 318 349 380 411 442
 473 504 535 566 597 628 659 690 721 752
 783 814 845 876 907 938 969 1000 1031 1062
 1093 1124 1155 1186 1217 1248 2336 2369 2402 2435
 2468 2501 2534 2567 2600 2633 2666 2699 2732 2765
 2798 2831 2864 2897 2930 2963 2996 3029 3062 3095
 3128 3161 3194 3227 3260 3293 3326 3359 319 350
 381 412 443 474 505 536 567 598 629 660
 691 722 753 784 815 846 877 908 939 970
 1001 1032 1063 1094 1125 1156 1187 1218 1249 1280
 2304 2337 2370 2403 2436 2469 2502 2535 2568 2601
 2634 2667 2700 2733 2766 2799 2832 2865 2898 2931
 2964 2997 3030 3063 3096 3129 3162 3195 3228 3261
 3294 3327 351 382 413 444 475 506 537 568
 599 630 661 692 723 754 785 816 847 878
 909 940 971 1002 1033 1064 1095 1126 1157 1188
 1219 1250 1281 1312 2272 2305 2338 2371 2404 2437
 2470 2503 2536 2569 2602 2635 2668 2701 2734 2767
 2800 2833 2866 2899 2932 2965 2998 3031 3064 3097
 3130 3163 3196 3229 3262 3295 383 414 445 476
 507 538 569 600 631 662 693 724 755 786
 817 848 879 910 941 972 1003 1034 1065 1096
 1127 1158 1189 1220 1251 1282 1313 1344 2240 2273
 2306 2339 2372 2405 2438 2471 2504 2537 2570 2603
 2636 2669 2702 2735 2768 2801 2834 2867 2900 2933
 2966 2999 3032 3065 3098 3131 3164 3197 3230 3263
 415 446 477 508 539 570 601 632 663 694
 725 756 787 818 849 880 911 942 973 1004
 1035 1066 1097 1128 1159 1190 1221 1252 1283 1314
 1345 1376 2208 2241 2274 2307 2340 2373 2406 2439
 2472 2505 2538 2571 2604 2637 2670 2703 2736 2769
 2802 2835 2868 2901 2934 2967 3000 3033 3066 3099
 3132 3165 3198 3231 447 478 509 540 571 602
 633 664 695 726 757 788 819 850 881 912
 943 974 1005 1036 1067 1098 1129 1160 1191 1222
 1253 1284 1315 1346 1377 1408 2176 2209 2242 2275
 2308 2341 2374 2407 2440 2473 2506 2539 2572 2605
 2638 2671 2704 2737 2770 2803 2836 2869 2902 2935
 2968 3001 3034 3067 3100 3133 3166 3199 479 510
 541 572 603 634 665 696 727 758 789 820
 851 882 913 944 975 1006 1037 1068 1099 1130
 1161 1192 1223 1254 1285 1316 1347 1378 1409 1440
 2144 2177 2210 2243 2276 2309 2342 2375 2408 2441
 2474 2507 2540 2573 2606 2639 2672 2705 2738 2771
 2804 2837 2870 2903 2936 2969 3002 3035 3068 3101
 3134 3167 511 542 573 604 635 666 697 728
 759 790 821 852 883 914 945 976 1007 1038
 1069 1100 1131 1162 1193 1224 1255 1286 1317 1348
 1379 1410 1441 1472 2112 2145 2178 2211 2244 2277
 2310 2343 2376 2409 2442 2475 2508 2541 2574 2607
 2640 2673 2706 2739 2772 2805 2838 2871 2904 2937
 2970 3003 3036 3069 3102 3135 543 574 605 636
 667 698 729 760 791 822 853 884 915 946
 977 1008 1039 1070 1101 1132 1163 1194 1225 1256
 1287 1318 1349 1380 1411 1442 1473 1504 2080 2113
 2146 2179 2212 2245 2278 2311 2344 2377 2410 2443
 2476 2509 2542 2575 2608 2641 2674 2707 2740 2773
 2806 2839 2872 2905 2938 2971 3004 3037 3070 3103
 575 606 637 668 699 730 761 792 823 854
 885 916 947 978 1009 1040 1071 1102 1133 1164
 1195 1226 1257 1288 1319 1350 1381 1412 1443 1474
 1505 1536 2048 2081 2114 2147 2180 2213 2246 2279
 2312 2345 2378 2411 2444 2477 2510 2543 2576 2609
 2642 2675 2708 2741 2774 2807 2840 2873 2906 2939
 2972 3005 3038 3071 607 638 669 700 731 762
 793 824 855 886 917 948 979 1010 1041 1072
 1103 1134 1165 1196 1227 1258 1289 1320 1351 1382
 1413 1444 1475 1506 1537 1568 2016 2049 2082 2115
 2148 2181 2214 2247 2280 2313 2346 2379 2412 2445
 2478 2511 2544 2577 2610 2643 2676 2709 2742 2775
 2808 2841 2874 2907 2940 2973 3006 3039 639 670
 701 732 763 794 825 856 887 918 949 980
 1011 1042 1073 1104 1135 1166 1197 1228 1259 1290
 1321 1352 1383 1414 1445 1476 1507 1538 1569 1600
 1984 2017 2050 2083 2116 2149 2182 2215 2248 2281
 2314 2347 2380 2413 2446 2479 2512 2545 2578 2611
 2644 2677 2710 2743 2776 2809 2842 2875 2908 2941
 2974 3007 671 702 733 764 795 826 857 888
 919 950 981 1012 1043 1074 1105 1136 1167 1198
 1229 1260 1291 1322 1353 1384 1415 1446 1477 1508
 1539 1570 1601 1632 1952 1985 2018 2051 2084 2117
 2150 2183 2216 2249 2282 2315 2348 2381 2414 2447
 2480 2513 2546 2579 2612 2645 2678 2711 2744 2777
 2810 2843 2876 2909 2942 2975 703 734 765 796
 827 858 889 920 951 982 1013 1044 1075 1106
 1137 1168 1199 1230 1261 1292 1323 1354 1385 1416
 1447 1478 1509 1540 1571 1602 1633 1664 1920 1953
 1986 2019 2052 2085 2118 2151 2184 2217 2250 2283
 2316 2349 2382 2415 2448 2481 2514 2547 2580 2613
 2646 2679 2712 2745 2778 2811 2844 2877 2910 2943
 735 766 797 828 859 890 921 952 983 1014
 1045 1076 1107 1138 1169 1200 1231 1262 1293 1324
 1355 1386 1417 1448 1479 1510 1541 1572 1603 1634
 1665 1696 1888 1921 1954 1987 2020 2053 2086 2119
 2152 2185 2218 2251 2284 2317 2350 2383 2416 2449
 2482 2515 2548 2581 2614 2647 2680 2713 2746 2779
 2812 2845 2878 2911 767 798 829 860 891 922
 953 984 1015 1046 1077 1108 1139 1170 1201 1232
 1263 1294 1325 1356 1387 1418 1449 1480 1511 1542
 1573 1604 1635 1666 1697 1728 1856 1889 1922 1955
 1988 2021 2054 2087 2120 2153 2186 2219 2252 2285
 2318 2351 2384 2417 2450 2483 2516 2549 2582 2615
 2648 2681 2714 2747 2780 2813 2846 2879 799 830
 861 892 923 954 985 1016 1047 1078 1109 1140
 1171 1202 1233 1264 1295 1326 1357 1388 1419 1450
 1481 1512 1543 1574 1605 1636 1667 1698 1729 1760
 1824 1857 1890 1923 1956 1989 2022 2055 2088 2121
 2154 2187 2220 2253 2286 2319 2352 2385 2418 2451
 2484 2517 2550 2583 2616 2649 2682 2715 2748 2781
 2814 2847 831 862 893 924 955 986 1017 1048
 1079 1110 1141 1172 1203 1234 1265 1296 1327 1358
 1389 1420 1451 1482 1513 1544 1575 1606 1637 1668
 1699 1730 1761 1792 1825 1858 1891 1924 1957 1990
 2023 2056 2089 2122 2155 2188 2221 2254 2287 2320
 2353 2386 2419 2452 2485 2518 2551 2584 2617 2650
 2683 2716 2749 2782 2815 863 894 925 956 987
 1018 1049 1080 1111 1142 1173 1204 1235 1266 1297
 1328 1359 1390 1421 1452 1483 1514 1545 1576 1607
 1638 1669 1700 1731 1762 1793 1826 1859 1892 1925
 1958 1991 2024 2057 2090 2123 2156 2189 2222 2255
 2288 2321 2354 2387 2420 2453 2486 2519 2552 2585
 2618 2651 2684 2717 2750 2783 895 926 957 988
 1019 1050 1081 1112 1143 1174 1205 1236 1267 1298
 1329 1360 1391 1422 1453 1484 1515 1546 1577 1608
 1639 1670 1701 1732 1763 1794 1827 1860 1893 1926
 1959 1992 2025 2058 2091 2124 2157 2190 2223 2256
 2289 2322 2355 2388 2421 2454 2487 2520 2553 2586
 2619 2652 2685 2718 2751 927 958 989 1020 1051
 1082 1113 1144 1175 1206 1237 1268 1299 1330 1361
 1392 1423 1454 1485 1516 1547 1578 1609 1640 1671
 1702 1733 1764 1795 1828 1861 1894 1927 1960 1993
 2026 2059 2092 2125 2158 2191 2224 2257 2290 2323
 2356 2389 2422 2455 2488 2521 2554 2587 2620 2653
 2686 2719 959 990 1021 1052 1083 1114 1145 1176
 1207 1238 1269 1300 1331 1362 1393 1424 1455 1486
 1517 1548 1579 1610 1641 1672 1703 1734 1765 1796
 1829 1862 1895 1928 1961 1994 2027 2060 2093 2126
 2159 2192 2225 2258 2291 2324 2357 2390 2423 2456
 2489 2522 2555 2588 2621 2654 2687 991 1022 1053
 1084 1115 1146 1177 1208 1239 1270 1301 1332 1363
 1394 1425 1456 1487 1518 1549 1580 1611 1642 1673
 1704 1735 1766 1797 1830 1863 1896 1929 1962 1995
 2028 2061 2094 2127 2160 2193 2226 2259 2292 2325
 2358 2391 2424 2457 2490 2523 2556 2589 2622 2655
 1023 1054 1085 1116 1147 1178 1209 1240 1271 1302
 1333 1364 1395 1426 1457 1488 1519 1550 1581 1612
 1643 1674 1705 1736 1767 1798 1831 1864 1897 1930
 1963 1996 2029 2062 2095 2128 2161 2194 2227 2260
 2293 2326 2359 2392 2425 2458 2491 2524 2557 2590
 2623 1055 1086 1117 1148 1179 1210 1241 1272 1303
 1334 1365 1396 1427 1458 1489 1520 1551 1582 1613
 1644 1675 1706 1737 1768 1799 1832 1865 1898 1931
 1964 1997 2030 2063 2096 2129 2162 2195 2228 2261
 2294 2327 2360 2393 2426 2459 2492 2525 2558 2591
 1087 1118 1149 1180 1211 1242 1273 1304 1335 1366
 1397 1428 1459 1490 1521 1552 1583 1614 1645 1676
 1707 1738 1769 1800 1833 1866 1899 1932 1965 1998
 2031 2064 2097 2130 2163 2196 2229 2262 2295 2328
 2361 2394 2427 2460 2493 2526 2559 1119 1150 1181
 1212 1243 1274 1305 1336 1367 1398 1429 1460 1491
 1522 1553 1584 1615 1646 1677 1708 1739 1770 1801
 1834 1867 1900 1933 1966 1999 2032 2065 2098 2131
 2164 2197 2230 2263 2296 2329 2362 2395 2428 2461
 2494 2527 1151 1182 1213 1244 1275 1306 1337 1368
 1399 1430 1461 1492 1523 1554 1585 1616 1647 1678
 1709 1740 1771 1802 1835 1868 1901 1934 1967 2000
 2033 2066 2099 2132 2165 2198 2231 2264 2297 2330
 2363 2396 2429 2462 2495 1183 1214 1245 1276 1307
 1338 1369 1400 1431 1462 1493 1524 1555 1586 1617
 1648 1679 1710 1741 1772 1803 1836 1869 1902 1935
 1968 2001 2034 2067 2100 2133 2166 2199 2232 2265
 2298 2331 2364 2397 2430 2463 1215 1246 1277 1308
 1339 1370 1401 1432 1463 1494 1525 1556 1587 1618
 1649 1680 1711 1742 1773 1804 1837 1870 1903 1936
 1969 2002 2035 2068 2101 2134 2167 2200 2233 2266
 2299 2332 2365 2398 2431 1247 1278 1309 1340 1371
 1402 1433 1464 1495 1526 1557 1588 1619 1650 1681
 1712 1743 1774 1805 1838 1871 1904 1937 1970 2003
 2036 2069 2102 2135 2168 2201 2234 2267 2300 2333
 2366 2399 1279 1310 1341 1372 1403 1434 1465 1496
 1527 1558 1589 1620 1651 1682 1713 1744 1775 1806
 1839 1872 1905 1938 1971 2004 2037 2070 2103 2136
 2169 2202 2235 2268 2301 2334 2367 1311 1342 1373
 1404 1435 1466 1497 1528 1559 1590 1621 1652 1683
 1714 1745 1776 1807 1840 1873 1906 1939 1972 2005
 2038 2071 2104 2137 2170 2203 2236 2269 2302 2335
 1343 1374 1405 1436 1467 1498 1529 1560 1591 1622
 1653 1684 1715 1746 1777 1808 1841 1874 1907 1940
 1973 2006 2039 2072 2105 2138 2171 2204 2237 2270
 2303 1375 1406 1437 1468 1499 1530 1561 1592 1623
 1654 1685 1716 1747 1778 1809 1842 1875 1908 1941
 1974 2007 2040 2073 2106 2139 2172 2205 2238 2271
 1407 1438 1469 1500 1531 1562 1593 1624 1655 1686
 1717 1748 1779 1810 1843 1876 1909 1942 1975 2008
 2041 2074 2107 2140 2173 2206 2239 1439 1470 1501
 1532 1563 1594 1625 1656 1687 1718 1749 1780 1811
 1844 1877 1910 1943 1976 2009 2042 2075 2108 2141
 2174 2207 1471 1502 1533 1564 1595 1626 1657 1688
 1719 1750 1781 1812 1845 1878 1911 1944 1977 2010
 2043 2076 2109 2142 2175 1503 1534 1565 1596 1627
 1658 1689 1720 1751 1782 1813 1846 1879 1912 1945
 1978 2011 2044 2077 2110 2143 1535 1566 1597 1628
 1659 1690 1721 1752 1783 1814 1847 1880 1913 1946
 1979 2012 2045 2078 2111 1567 1598 1629 1660 1691
 1722 1753 1784 1815 1848 1881 1914 1947 1980 2013
 2046 2079 1599 1630 1661 1692 1723 1754 1785 1816
 1849 1882 1915 1948 1981 2014 2047 1631 1662 1693
 1724 1755 1786 1817 1850 1883 1916 1949 1982 2015
 1663 1694 1725 1756 1787 1818 1851 1884 1917 1950
 1983 1695 1726 1757 1788 1819 1852 1885 1918 1951
 1727 1758 1789 1820 1853 1886 1919 1759 1790 1821
 1854 1887 1791 1822 1855 1823 2784 2752 2720 2688
 2656 2624 2592 2560 2528 2496 2464 2432 2400 2368
 2336 2304 2272 2240 2208 2176 2144 2112 2080 2048
 2016 1984 1952 1920 1888 1856 1824 1792 1760 1728
 1696 1664 1632 1600 1568 1536 1504 1472 1440 1408
 1376 1344 1312 1280 1248 1216 1184 1152 1120 1088
 1056 1024 992 960 928 896 864 832 800 768
 0 3552 1 3553 2 3554 3 3555 4 3556
 5 3557 6 3558 7 3559 8 3560 9 3561
 10 3562 11 3563 12 3564 13 3565 14 3566
 15 3567 16 3568 17 3569 18 3570 19 3571
 20 3572 21 3573 22 3574 23 3575 24 3576
 25 3577 26 3578 27 3579 28 3580 29 3581
 30 3582 31 3583 31 63 95 127 159 191
 223 255 287 319 351 383 415 447 479 511
 543 575 607 639 671 703 735 767 799 831
 863 895 927 959 991 1023 1055 1087 1119 1151
 1183 1215 1247 1279 1311 1343 1375 1407 1439 1471
 1503 1535 1567 1599 1631 1663 1695 1727 1759 1791
 1823 1855 1887 1919 1951 1983 2015 2047 2079 2111
 2143 2175 2207 2239 2271 2303 2335 2367 2399 2431
 2463 2495 2527 2559 2591 2623 2655 2687 2719 2751
 2783 2815 2847 2879 2911 2943 2975 3007 3039 3071
 3103 3135 3167 3199 3231 3263 3295 3327 3359 3391
 3423 3455 3487 3519 3551 3583
)
